1489,1039,44.625,1000,1289,mr1039,1000,
1508,1058,45.411766,1000,1308,mr1058,1000,
1503,1053,45.833332,1000,1303,mr1053,1000,
1517,1067,46.94737,1000,1317,mr1067,1000,
1517,1067,47.95,1000,1317,mr1067,1000,
1494,1044,47.761906,1000,1294,mr1044,1000,
1485,1035,47.18182,1000,1285,mr1035,1000,
1527,1077,48.47826,1000,1327,mr1077,1000,
1536,1086,50.041668,1000,1336,mr1086,1000,
1499,1049,50.0,1000,1299,mr1049,1000,
1489,1039,49.576923,1000,1289,mr1039,1000,
1503,1053,49.703705,1000,1303,mr1053,1000,
1513,1063,50.17857,1000,1313,mr1063,1000,
1499,1049,50.13793,1000,1299,mr1049,1000,
1485,1035,49.633335,1000,1285,mr1035,1000,
1513,1063,50.064518,1000,1313,mr1063,1000,
1499,1049,50.03125,1000,1299,mr1049,1000,
1499,1049,50.0,1000,1299,mr1049,1000,
1508,1058,50.235294,1000,1308,mr1058,1000,
1494,1044,50.057144,1000,1294,mr1044,1000,
1489,1039,49.75,1000,1289,mr1039,1000,
1517,1067,50.216217,1000,1317,mr1067,1000,
1503,1053,50.289474,1000,1303,mr1053,1000,
1499,1049,50.25641,1000,1299,mr1049,1000,
1517,1067,50.675,1000,1317,mr1067,1000,
1494,1044,50.512196,1000,1294,mr1044,1000,
1513,1063,50.809525,1000,1313,mr1063,1000,
1503,1053,50.860466,1000,1303,mr1053,1000,
1499,1049,50.81818,1000,1299,mr1049,1000,
1489,1039,50.555557,1000,1289,mr1039,1000,
1489,1039,50.304348,1000,1289,mr1039,1000,
1517,1067,50.659573,1000,1317,mr1067,1000,
1522,1072,51.104168,1000,1322,mr1072,1000,
1499,1049,51.061226,1000,1299,mr1049,1000,
1499,1049,51.02,1000,1299,mr1049,1000,
1508,1058,51.156864,1000,1308,mr1058,1000,
1485,1035,50.846153,1000,1285,mr1035,1000,
1452,1002,49.92453,1000,1252,mr1002,1000,
1485,1035,49.648148,1000,1285,mr1035,1000,
1494,1044,49.545456,1000,1294,mr1044,1000,
1485,1035,49.285713,1000,1285,mr1035,1000,
1503,1053,49.350876,1000,1303,mr1053,1000,
1494,1044,49.25862,1000,1294,mr1044,1000,
1489,1039,49.084747,1000,1289,mr1039,1000,
1494,1044,49.0,1000,1294,mr1044,1000,
1513,1063,49.229507,1000,1313,mr1063,1000,
1499,1049,49.225807,1000,1299,mr1049,1000,
1499,1049,49.22222,1000,1299,mr1049,1000,
1499,1049,49.21875,1000,1299,mr1049,1000,
1475,1025,48.846153,1000,1275,mr1025,1000,
1532,1082,49.348484,1000,1332,mr1082,1000,
1494,1044,49.268658,1000,1294,mr1044,1000,
1508,1058,49.39706,1000,1308,mr1058,1000,
1494,1044,49.31884,1000,1294,mr1044,1000,
1485,1035,49.114285,1000,1285,mr1035,1000,
1508,1058,49.239437,1000,1308,mr1058,1000,
1503,1053,49.291668,1000,1303,mr1053,1000,
1494,1044,49.219177,1000,1294,mr1044,1000,
1499,1049,49.216217,1000,1299,mr1049,1000,
1503,1053,49.266666,1000,1303,mr1053,1000,
1489,1039,49.13158,1000,1289,mr1039,1000,
1489,1039,49.0,1000,1289,mr1039,1000,
1489,1039,48.871796,1000,1289,mr1039,1000,
1508,1058,48.987343,1000,1308,mr1058,1000,
1480,1030,48.75,1000,1280,mr1030,1000,
1489,1039,48.62963,1000,1289,mr1039,1000,
