1377,927,34.73334,1000,1167,mr917,1000,
1396,946,34.986847,1000,1186,mr936,1000,
1391,941,35.298706,1000,1181,mr931,1000,
1424,974,35.179493,1000,1214,mr964,1000,
1424,974,35.063297,1000,1214,mr964,1000,
1429,979,34.887505,1000,1219,mr969,1000,
1452,1002,34.481487,1000,1242,mr992,1000,
1448,998,34.085373,1000,1238,mr988,1000,
1424,974,33.987957,1000,1214,mr964,1000,
1429,979,33.83334,1000,1219,mr969,1000,
1424,974,33.74118,1000,1214,mr964,1000,
1438,988,33.488377,1000,1228,mr978,1000,
1448,998,33.126442,1000,1238,mr988,1000,
1420,970,33.090916,1000,1210,mr960,1000,
1424,974,33.011242,1000,1214,mr964,1000,
1443,993,32.72223,1000,1233,mr983,1000,
1415,965,32.747257,1000,1205,mr955,1000,
1410,960,32.82609,1000,1200,mr950,1000,
1415,965,32.84947,1000,1205,mr955,1000,
1424,974,32.7766,1000,1214,mr964,1000,
1443,993,32.50527,1000,1233,mr983,1000,
1434,984,32.33334,1000,1224,mr974,1000,
1429,979,32.2165,1000,1219,mr969,1000,
1438,988,32.01021,1000,1228,mr978,1000,
1410,960,32.090916,1000,1200,mr950,1000,
1434,984,31.930008,1000,1224,mr974,1000,
1424,974,31.871294,1000,1214,mr964,1000,
1448,998,31.578438,1000,1238,mr988,1000,
1410,960,31.660202,1000,1200,mr950,1000,
1424,974,31.605776,1000,1214,mr964,1000,
1429,979,31.504768,1000,1219,mr969,1000,
1438,988,31.32076,1000,1228,mr978,1000,
1457,1007,31.093464,1000,1257,mr1007,1000,
1443,993,30.870377,1000,1233,mr983,1000,
1443,993,30.651382,1000,1233,mr983,1000,
1415,965,30.690916,1000,1205,mr955,1000,
1438,988,30.52253,1000,1228,mr978,1000,
1452,1002,30.267864,1000,1242,mr992,1000,
1420,970,30.265493,1000,1210,mr960,1000,
1429,979,30.184217,1000,1219,mr969,1000,
1429,979,30.104355,1000,1219,mr969,1000,
1434,984,29.982765,1000,1224,mr974,1000,
1443,993,29.786331,1000,1233,mr983,1000,
1443,993,29.593227,1000,1233,mr983,1000,
1452,1002,29.361351,1000,1242,mr992,1000,
1438,988,29.216673,1000,1228,mr978,1000,
1420,970,29.223146,1000,1210,mr960,1000,
1457,1007,29.040989,1000,1247,mr997,1000,
1434,984,28.934965,1000,1224,mr974,1000,
1448,998,28.717749,1000,1238,mr988,1000,
1424,974,28.696007,1000,1214,mr964,1000,
1424,974,28.674608,1000,1214,mr964,1000,
1401,951,28.834652,1000,1191,mr941,1000,
1415,965,28.882818,1000,1205,mr955,1000,
1438,988,28.751944,1000,1228,mr978,1000,
1457,1007,28.584621,1000,1247,mr997,1000,
1415,965,28.633593,1000,1205,mr955,1000,
1410,960,28.719702,1000,1200,mr950,1000,
1452,1002,28.518803,1000,1252,mr1002,1000,
1443,993,28.358215,1000,1233,mr983,1000,
1434,984,28.266674,1000,1224,mr974,1000,
1434,984,28.176477,1000,1224,mr974,1000,
1415,965,28.226284,1000,1205,mr955,1000,
1434,984,28.137688,1000,1224,mr974,1000,
1452,1002,27.949648,1000,1242,mr992,1000,
1457,1007,27.800007,1000,1247,mr997,1000,
1424,974,27.787241,1000,1214,mr964,1000,
1466,1016,27.704233,1000,1266,mr1016,1000,
1448,998,27.524485,1000,1238,mr988,1000,
1434,984,27.444452,1000,1224,mr974,1000,
1443,993,27.303457,1000,1233,mr983,1000,
1420,970,27.321926,1000,1210,mr960,1000,
1429,979,27.27892,1000,1219,mr969,1000,
1429,979,27.236494,1000,1219,mr969,1000,
1457,1007,27.10068,1000,1257,mr1007,1000,
1420,970,27.120008,1000,1210,mr960,1000,
1452,1002,26.95365,1000,1242,mr992,1000,
1434,984,26.881586,1000,1224,mr974,1000,
1406,956,26.993471,1000,1196,mr946,1000,
1448,998,26.831175,1000,1238,mr988,1000,
1434,984,26.761297,1000,1224,mr974,1000,
1443,993,26.634623,1000,1233,mr983,1000,
1420,970,26.656057,1000,1210,mr960,1000,
1443,993,26.531652,1000,1233,mr983,1000,
1424,974,26.528309,1000,1214,mr964,1000,
1434,984,26.462505,1000,1224,mr974,1000,
1434,984,26.397522,1000,1224,mr974,1000,
1443,993,26.277784,1000,1233,mr983,1000,
1429,979,26.245405,1000,1219,mr969,1000,
1434,984,26.182932,1000,1224,mr974,1000,
1452,1002,26.03637,1000,1252,mr1002,1000,
1415,965,26.090368,1000,1205,mr955,1000,
1396,946,26.25749,1000,1186,mr936,1000,
1443,993,26.142862,1000,1233,mr983,1000,
1461,1011,26.05326,1000,1261,mr1011,1000,
1415,965,26.105888,1000,1205,mr955,1000,
1434,984,26.04679,1000,1224,mr974,1000,
1424,974,26.046516,1000,1214,mr964,1000,
1420,970,26.06937,1000,1210,mr960,1000,
1457,1007,25.959776,1000,1257,mr1007,1000,
1452,1002,25.822863,1000,1242,mr992,1000,
1410,960,25.903414,1000,1200,mr950,1000,
1438,988,25.824863,1000,1228,mr978,1000,
1438,988,25.747196,1000,1228,mr978,1000,
1438,988,25.670397,1000,1228,mr978,1000,
1443,993,25.566671,1000,1233,mr983,1000,
1452,1002,25.43647,1000,1242,mr992,1000,
四月 22, 2019 6:30:17 下午 shenshen.han.biosim.utils.UtilLog logInfo
信息: shenshen.han.biosim.position.NewMain1$1
corrupt? 

1396,946,25.593412,1000,1186,mr936,1000,
1457,1007,25.491808,1000,1247,mr997,1000,
1438,988,25.418484,1000,1228,mr978,1000,
1448,998,25.291897,1000,1238,mr988,1000,
1420,970,25.31721,1000,1210,mr960,1000,
1434,984,25.267385,1000,1224,mr974,1000,
1452,1002,25.143621,1000,1242,mr992,1000,
1438,988,25.07408,1000,1228,mr978,1000,
1438,988,25.005268,1000,1228,mr978,1000,
四月 22, 2019 6:30:19 下午 shenshen.han.biosim.utils.UtilLog logInfo
信息: shenshen.han.biosim.position.NewMain1$1
corrupt? 

1424,974,25.010477,1000,1214,mr964,1000,
1434,984,24.963547,1000,1224,mr974,1000,
1429,979,24.94301,1000,1219,mr969,1000,
1452,1002,24.824747,1000,1242,mr992,1000,
1448,998,24.707697,1000,1238,mr988,1000,
1438,988,24.642862,1000,1228,mr978,1000,
1438,988,24.578686,1000,1228,mr978,1000,
1461,1011,24.510105,1000,1261,mr1011,1000,
1438,988,24.44724,1000,1228,mr978,1000,
1420,970,24.475004,1000,1210,mr960,1000,
1420,970,24.502493,1000,1210,mr960,1000,
1420,970,24.529707,1000,1210,mr960,1000,
1420,970,24.556656,1000,1210,mr960,1000,
1424,974,24.56373,1000,1214,mr964,1000,
1415,965,24.61464,1000,1205,mr955,1000,
1420,970,24.640781,1000,1210,mr960,1000,
1401,951,24.75846,1000,1191,mr941,1000,
1429,979,24.740389,1000,1219,mr969,1000,
1452,1002,24.631584,1000,1242,mr992,1000,
1452,1002,24.523813,1000,1252,mr1002,1000,
1443,993,24.440763,1000,1233,mr983,1000,
1438,988,24.38208,1000,1228,mr978,1000,
1429,979,24.366201,1000,1219,mr969,1000,
1424,974,24.373837,1000,1214,mr964,1000,
1443,993,24.293028,1000,1233,mr983,1000,
1424,974,24.30093,1000,1214,mr964,1000,
1434,984,24.262678,1000,1224,mr974,1000,
1424,974,24.270647,1000,1214,mr964,1000,
1415,965,24.31964,1000,1205,mr955,1000,
1457,1007,24.240913,1000,1257,mr1007,1000,
1420,970,24.266973,1000,1210,mr960,1000,
1457,1007,24.189194,1000,1247,mr997,1000,
1457,1007,24.112112,1000,1247,mr997,1000,
1438,988,24.05804,1000,1228,mr978,1000,
1438,988,24.004448,1000,1228,mr978,1000,
1424,974,24.013279,1000,1214,mr964,1000,
1424,974,24.02203,1000,1214,mr964,1000,
1415,965,24.070179,1000,1205,mr955,1000,
1448,998,23.973803,1000,1238,mr988,1000,
1420,970,24.000004,1000,1210,mr960,1000,
1424,974,24.008663,1000,1214,mr964,1000,
1429,979,23.995693,1000,1219,mr969,1000,
1461,1011,23.939919,1000,1261,mr1011,1000,
1443,993,23.867525,1000,1233,mr983,1000,
1429,979,23.855324,1000,1219,mr969,1000,
1457,1007,23.783903,1000,1247,mr997,1000,
1438,988,23.73418,1000,1228,mr978,1000,
1448,998,23.64286,1000,1238,mr988,1000,
1448,998,23.552305,1000,1238,mr988,1000,
1457,1007,23.483337,1000,1247,mr997,1000,
1434,984,23.452286,1000,1224,mr974,1000,
1434,984,23.421492,1000,1224,mr974,1000,
1434,984,23.390951,1000,1224,mr974,1000,
1452,1002,23.303282,1000,1242,mr992,1000,
1424,974,23.31429,1000,1214,mr964,1000,
1438,988,23.268297,1000,1228,mr978,1000,
1415,965,23.315794,1000,1205,mr955,1000,
1410,960,23.383068,1000,1200,mr950,1000,
1420,970,23.409643,1000,1210,mr960,1000,
1438,988,23.364004,1000,1228,mr978,1000,
1448,998,23.278889,1000,1238,mr988,1000,
1429,979,23.269846,1000,1219,mr969,1000,
1401,951,23.371546,1000,1191,mr941,1000,
1471,1021,23.36221,1000,1271,mr1021,1000,
1401,951,23.46275,1000,1191,mr941,1000,
1443,993,23.398441,1000,1233,mr983,1000,
1410,960,23.46304,1000,1200,mr950,1000,
1420,970,23.488377,1000,1210,mr960,1000,
1429,979,23.478767,1000,1219,mr969,1000,
1452,1002,23.396158,1000,1242,mr992,1000,
1434,984,23.36782,1000,1224,mr974,1000,
1471,1021,23.358782,1000,1271,mr1021,1000,
1448,998,23.27757,1000,1238,mr988,1000,
1452,1002,23.196974,1000,1242,mr992,1000,
1410,960,23.260382,1000,1200,mr950,1000,
1452,1002,23.180454,1000,1242,mr992,1000,
1457,1007,23.119854,1000,1247,mr997,1000,
1452,1002,23.041048,1000,1252,mr1002,1000,
1443,993,22.981417,1000,1233,mr983,1000,
1452,1002,22.903708,1000,1242,mr992,1000,
1438,988,22.863472,1000,1228,mr978,1000,
1424,974,22.875004,1000,1214,mr964,1000,
1438,988,22.835169,1000,1228,mr978,1000,
1429,979,22.82847,1000,1219,mr969,1000,
1420,970,22.85455,1000,1210,mr960,1000,
1448,998,22.77899,1000,1238,mr988,1000,
1410,960,22.841158,1000,1200,mr950,1000,
1452,1002,22.766191,1000,1252,mr1002,1000,
1429,979,22.759861,1000,1219,mr969,1000,
1448,998,22.685719,1000,1238,mr988,1000,
1429,979,22.679718,1000,1219,mr969,1000,
1443,993,22.624117,1000,1233,mr983,1000,
1443,993,22.568909,1000,1233,mr983,1000,
1457,1007,22.514088,1000,1247,mr997,1000,
1420,970,22.540354,1000,1210,mr960,1000,
1452,1002,22.468534,1000,1252,mr1002,1000,
1448,998,22.397217,1000,1238,mr988,1000,
1466,1016,22.375004,1000,1266,mr1016,1000,
1424,974,22.387547,1000,1214,mr964,1000,
1424,974,22.400003,1000,1214,mr964,1000,
1429,979,22.395193,1000,1219,mr969,1000,
1420,970,22.421236,1000,1210,mr960,1000,
1401,951,22.51195,1000,1191,mr941,1000,
1410,960,22.571432,1000,1200,mr950,1000,
1415,965,22.613564,1000,1205,mr955,1000,
1452,1002,22.543924,1000,1252,mr1002,1000,
1457,1007,22.491587,1000,1257,mr1007,1000,
1406,956,22.563763,1000,1196,mr946,1000,
1410,960,22.622078,1000,1200,mr950,1000,
1457,1007,22.570005,1000,1247,mr997,1000,
1401,951,22.657812,1000,1191,mr941,1000,
1429,979,22.652323,1000,1219,mr969,1000,
1429,979,22.64687,1000,1219,mr969,1000,
1434,984,22.625006,1000,1224,mr974,1000,
1438,988,22.59017,1000,1228,mr978,1000,
1410,960,22.647066,1000,1200,mr950,1000,
1438,988,22.612387,1000,1228,mr978,1000,
1448,998,22.545464,1000,1238,mr988,1000,
1424,974,22.556644,1000,1214,mr964,1000,
1401,951,22.641945,1000,1191,mr941,1000,
1420,970,22.665604,1000,1210,mr960,1000,
1434,984,22.64424,1000,1224,mr974,1000,
1434,984,22.623013,1000,1224,mr974,1000,
1434,984,22.601921,1000,1224,mr974,1000,
1448,998,22.536518,1000,1238,mr988,1000,
1457,1007,22.487352,1000,1247,mr997,1000,
1438,988,22.45427,1000,1228,mr978,1000,
1429,979,22.449696,1000,1219,mr969,1000,
1429,979,22.445152,1000,1219,mr969,1000,
1420,970,22.468761,1000,1210,mr960,1000,
1415,965,22.507801,1000,1205,mr955,1000,
1424,974,22.518646,1000,1214,mr964,1000,
1461,1011,22.482985,1000,1261,mr1011,1000,
1457,1007,22.435198,1000,1247,mr997,1000,
1457,1007,22.387705,1000,1247,mr997,1000,
1429,979,22.383448,1000,1219,mr969,1000,
1443,993,22.336403,1000,1233,mr983,1000,
1424,974,22.347572,1000,
1214,mr964,1000,
1387,937,22.471136,1000,1177,mr927,1000,
1448,998,22.409103,1000,1238,mr988,1000,
1424,974,22.41995,1000,1214,mr964,1000,
1448,998,22.358444,1000,1238,mr988,1000,
1410,960,22.41142,1000,1200,mr950,1000,
1443,993,22.365278,1000,1233,mr983,1000,
1461,1011,22.331352,1000,1261,mr1011,1000,
1438,988,22.300604,1000,1228,mr978,1000,
1429,979,22.296745,1000,1219,mr969,1000,
1457,1007,22.251488,1000,1257,mr1007,1000,
1457,1007,22.2065,1000,1247,mr997,1000,
1457,1007,22.161776,1000,1247,mr997,1000,
1438,988,22.131977,1000,1228,mr978,1000,
1410,960,22.184223,1000,1200,mr950,1000,
1452,1002,22.125378,1000,1252,mr1002,1000,
1438,988,22.095943,1000,1228,mr978,1000,
1448,998,22.037693,1000,1238,mr988,1000,
1452,1002,21.97978,1000,1252,mr1002,1000,
1424,974,21.991365,1000,1214,mr964,1000,
1457,1007,21.948288,1000,1247,mr997,1000,
1461,1011,21.916918,1000,1261,mr1011,1000,
1434,984,21.900013,1000,1224,mr974,1000,
1434,984,21.883204,1000,1224,mr974,1000,
1457,1007,21.840921,1000,1257,mr1007,1000,
1424,974,21.852703,1000,1214,mr964,1000,
1438,988,21.824871,1000,1228,mr978,1000,
1434,984,21.808462,1000,1224,mr974,1000,
1438,988,21.78091,1000,1228,mr978,1000,
1457,1007,21.739508,1000,1247,mr997,1000,
1452,1002,21.68437,1000,1242,mr992,1000,
1438,988,21.657394,1000,1228,mr978,1000,
1452,1002,21.60279,1000,1242,mr992,1000,
1448,998,21.54849,1000,1238,mr988,1000,
1424,974,21.560787,1000,1214,mr964,1000,
1448,998,21.5069,1000,1238,mr988,1000,
1429,979,21.505508,1000,1219,mr969,1000,
1438,988,21.479465,1000,1228,mr978,1000,
1424,974,21.491817,1000,1214,mr964,1000,
1434,984,21.476854,1000,1224,mr974,1000,
1443,993,21.437515,1000,1233,mr983,1000,
1457,1007,21.39839,1000,1247,mr997,1000,
1424,974,21.410826,1000,1214,mr964,1000,
1424,974,21.423195,1000,1214,mr964,1000,
1429,979,21.422058,1000,1219,mr969,1000,
1443,993,21.383394,1000,1233,mr983,1000,
1429,979,21.382368,1000,1219,mr969,1000,
1424,974,21.394682,1000,1214,mr964,1000,
1452,1002,21.343102,1000,1242,mr992,1000,
1452,1002,21.291794,1000,1242,mr992,1000,
1438,988,21.267212,1000,1228,mr978,1000,
1457,1007,21.229567,1000,1247,mr997,1000,
1420,970,21.252647,1000,1210,mr960,1000,
1448,998,21.202116,1000,1238,mr988,1000,
1438,988,21.178026,1000,1228,mr978,1000,
1415,965,21.214115,1000,1205,mr955,1000,
1452,1002,21.164078,1000,1252,mr1002,1000,
1457,1007,21.127289,1000,1247,mr997,1000,
1429,979,21.126959,1000,1219,mr969,1000,
1448,998,21.077536,1000,1238,mr988,1000,
1448,998,21.028366,1000,1238,mr988,1000,
1452,1002,20.97945,1000,1242,mr992,1000,
1452,1002,20.930786,1000,1252,mr1002,1000,
1424,974,20.943752,1000,1214,mr964,1000,
1443,993,20.908184,1000,1233,mr983,1000,
1424,974,20.921139,1000,1214,mr964,1000,
1434,984,20.90865,1000,1224,mr974,1000,
1438,988,20.886095,1000,1228,mr978,1000,
1429,979,20.886383,1000,1219,mr969,1000,
1429,979,20.88667,1000,1219,mr969,1000,
1438,988,20.864342,1000,1228,mr978,1000,
1420,970,20.887238,1000,1210,mr960,1000,
1448,998,20.84002,1000,1238,mr988,1000,
1410,960,20.8878,1000,1200,mr950,1000,
1415,965,20.922905,1000,1205,mr955,1000,
1452,1002,20.87595,1000,1242,mr992,1000,
1415,965,20.91091,1000,1205,mr955,1000,
1448,998,20.864218,1000,1238,mr988,1000,
1415,965,20.899035,1000,1205,mr955,1000,
1438,988,20.877169,1000,1228,mr978,1000,
1457,1007,20.843157,1000,1257,mr1007,1000,
1452,1002,20.797085,1000,1242,mr992,1000,
1457,1007,20.763433,1000,1247,mr997,1000,
1457,1007,20.729946,1000,1247,mr997,1000,
1429,979,20.730602,1000,1219,mr969,1000,
1410,960,20.777258,1000,1200,mr950,1000,
1448,998,20.731903,1000,1238,mr988,1000,
1429,979,20.73255,1000,1219,mr969,1000,
1438,988,20.711557,1000,1228,mr978,1000,
1420,970,20.733831,1000,1210,mr960,1000,
1443,993,20.700975,1000,1233,mr983,1000,
1457,1007,20.668276,1000,1247,mr997,1000,
1448,998,20.623829,1000,1238,mr988,1000,
1434,984,20.612844,1000,1224,mr974,1000,
1443,993,20.580587,1000,1233,mr983,1000,
1443,993,20.548481,1000,1233,mr983,1000,
1452,1002,20.504736,1000,1252,mr1002,1000,
1452,1002,20.461195,1000,1252,mr1002,1000,
1429,979,20.46246,1000,1219,mr969,1000,
1420,970,20.484797,1000,1210,mr960,1000,
1434,984,20.474318,1000,1224,mr974,1000,
1434,984,20.463888,1000,1224,mr974,1000,
1452,1002,20.420948,1000,1242,mr992,1000,
1429,979,20.422293,1000,1219,mr969,1000,
1434,984,20.412056,1000,1224,mr974,1000,
1424,974,20.424961,1000,1214,mr964,1000,
1443,993,20.394028,1000,1233,mr983,1000,
1452,1002,20.351742,1000,1252,mr1002,1000,
1438,988,20.332586,1000,1228,mr978,1000,
1457,1007,20.302078,1000,1247,mr997,1000,
1452,1002,20.260292,1000,1242,mr992,1000,
1434,984,20.250587,1000,1224,mr974,1000,
1452,1002,20.209108,1000,1242,mr992,1000,
1452,1002,20.167818,1000,1242,mr992,1000,
1434,984,20.158388,1000,1224,mr974,1000,
1438,988,20.139973,1000,1228,mr978,1000,
1443,993,20.110378,1000,1233,mr983,1000,
1424,974,20.123613,1000,1214,mr964,1000,
1434,984,20.114367,1000,1224,mr974,1000,
1443,993,20.08503,1000,1233,mr983,1000,
1452,1002,20.04466,1000,1252,mr1002,1000,
1434,984,20.035652,1000,1224,mr974,1000,
1429,979,20.037796,1000,1219,mr969,1000,
1443,993,20.008886,1000,1233,mr983,1000,
1461,1011,19.988955,1000,1261,mr1011,1000,
1424,974,20.002224,1000,1214,mr964,1000,
1448,998,19.962572,1000,1238,mr988,1000,
1448,998,19.923094,1000,1238,mr988,1000,
1452,1002,19.88379,1000,1242,mr992,1000,
1420,970,19.905926,1000,1210,mr960,1000,
四月 22, 2019 6:31:34 下午 shenshen.han.biosim.utils.UtilLog logInfo
信息: shenshen.han.biosim.position.NewMain1$1
corrupt? 

1452,1002,19.866829,1000,1242,mr992,1000,
1452,1002,19.827904,1000,1242,mr992,1000,
1438,988,19.810886,1000,1228,mr978,1000,
1410,960,19.854681,1000,1200,mr950,1000,
1434,984,19.846336,1000,1224,mr974,1000,
1448,998,19.807793,1000,1238,mr988,1000,
1457,1007,19.78019,1000,1247,mr997,1000,
1466,1016,19.77206,1000,1266,mr1016,1000,
1452,1002,19.733923,1000,1242,mr992,1000,
1457,1007,19.706656,1000,1247,mr997,1000,
1452,1002,19.66882,1000,1252,mr1002,1000,
1429,979,19.671658,1000,1219,mr969,1000,
1424,974,19.685123,1000,1214,mr964,1000,
1457,1007,19.65819,1000,1247,mr997,1000,
1452,1002,19.620779,1000,1242,mr992,1000,
1448,998,19.583527,1000,1238,mr988,1000,
1461,1011,19.565418,1000,1261,mr1011,1000,
1443,993,19.538963,1000,1233,mr983,1000,
1443,993,19.51262,1000,1233,mr983,1000,
1438,988,19.496872,1000,1228,mr978,1000,
1461,1011,19.479095,1000,1261,mr1011,1000,
1443,993,19.453043,1000,1233,mr983,1000,
1443,993,19.4271,1000,1233,mr983,1000,
1448,998,19.39087,1000,1238,mr988,1000,
1438,988,19.375534,1000,1228,mr978,1000,
1457,1007,19.349913,1000,1247,mr997,1000,
1452,1002,19.314066,1000,1242,mr992,1000,
1448,998,19.278366,1000,1238,mr988,1000,
1434,984,19.271622,1000,1224,mr974,1000,
1457,1007,19.246422,1000,1247,mr997,1000,
1438,988,19.231573,1000,1228,mr978,1000,
1448,998,19.196335,1000,1238,mr988,1000,
1466,1016,19.189812,1000,1266,mr1016,1000,
1443,993,19.164986,1000,1233,mr983,1000,
1457,1007,19.14026,1000,1257,mr1007,1000,
1452,1002,19.105492,1000,1242,mr992,1000,
1452,1002,19.070866,1000,1242,mr992,1000,
1443,993,19.04648,1000,1233,mr983,1000,
1443,993,19.022194,1000,1233,mr983,1000,
1448,998,18.987944,1000,1238,mr988,1000,
1438,988,18.973911,1000,1228,mr978,1000,
1448,998,18.939896,1000,1238,mr988,1000,
1438,988,18.926016,1000,1228,mr978,1000,
1461,1011,18.910194,1000,1261,mr1011,1000,
1457,1007,18.886469,1000,1247,mr997,1000,
1448,998,18.852898,1000,1238,mr988,1000,
1461,1011,18.837317,1000,1261,mr1011,1000,
1448,998,18.803976,1000,1238,mr988,1000,
1457,1007,18.780647,1000,1257,mr1007,1000,
1443,993,18.757412,1000,1233,mr983,1000,
1434,984,18.751984,1000,1224,mr974,1000,
1443,993,18.728895,1000,1233,mr983,1000,
1457,1007,18.705898,1000,1247,mr997,1000,
1457,1007,18.68299,1000,1257,mr1007,1000,
1443,993,18.660172,1000,1233,mr983,1000,
1429,979,18.664732,1000,1219,mr969,1000,
1434,984,18.659548,1000,1224,mr974,1000,
1452,1002,18.6272,1000,1242,mr992,1000,
1438,988,18.614357,1000,1228,mr978,1000,
四月 22, 2019 6:31:50 下午 shenshen.han.biosim.utils.UtilLog logInfo
信息: shenshen.han.biosim.position.NewMain1$1
corrupt? 

1434,984,18.609299,1000,1224,mr974,1000,
1415,965,18.640942,1000,1205,mr955,1000,
1452,1002,18.60888,1000,1252,mr1002,1000,
1429,979,18.613476,1000,1219,mr969,1000,
1452,1002,18.581589,1000,1242,mr992,1000,
1424,974,18.5958,1000,1214,mr964,1000,
1429,979,18.600397,1000,1219,mr969,1000,
1434,984,18.595434,1000,1224,mr974,1000,
1438,988,18.582872,1000,1228,mr978,1000,
1452,1002,18.551346,1000,1242,mr992,1000,
1457,1007,18.529427,1000,1257,mr1007,1000,
1443,993,18.507591,1000,1233,mr983,1000,
1438,988,18.495289,1000,1228,mr978,1000,
1424,974,18.509449,1000,1214,mr964,1000,
1429,979,18.51414,1000,1219,mr969,1000,
1424,974,18.52821,1000,1214,mr964,1000,
1429,979,18.532848,1000,1219,mr969,1000,
1448,998,18.501886,1000,1238,mr988,1000,
1434,984,18.49721,1000,1224,mr974,1000,
1424,974,18.511208,1000,1214,mr964,1000,
1420,970,18.5326,1000,1210,mr960,1000,
1457,1007,18.511166,1000,1257,mr1007,1000,
1443,993,18.489809,1000,1233,mr983,1000,
1438,988,18.47779,1000,1228,mr978,1000,
1424,974,18.491695,1000,1214,mr964,1000,
1452,1002,18.461267,1000,1242,mr992,1000,
1424,974,18.475151,1000,1214,mr964,1000,
1424,974,18.488983,1000,1214,mr964,1000,
1434,984,18.484417,1000,1224,mr974,1000,
1429,979,18.489023,1000,1219,mr969,1000,
1438,988,18.477161,1000,1228,mr978,1000,
1443,993,18.456217,1000,1233,mr983,1000,
1452,1002,18.426243,1000,1242,mr992,1000,
1457,1007,18.405466,1000,1247,mr997,1000,
1457,1007,18.384766,1000,1257,mr1007,1000,
1452,1002,18.355083,1000,1242,mr992,1000,
1448,998,18.325508,1000,1238,mr988,1000,
1424,974,18.339361,1000,1214,mr964,1000,
1452,1002,18.309921,1000,1242,mr992,1000,
1438,988,18.298573,1000,1228,mr978,1000,
1443,993,18.278288,1000,1233,mr983,1000,
1438,988,18.267036,1000,1228,mr978,1000,
1406,956,18.31307,1000,1196,mr946,1000,
1401,951,18.367868,1000,1191,mr941,1000,
1448,998,18.338692,1000,1238,mr988,1000,
1452,1002,18.30962,1000,1242,mr992,1000,
四月 22, 2019 6:32:03 下午 shenshen.han.biosim.utils.UtilLog logInfo
信息: shenshen.han.biosim.position.NewMain1$1
corrupt? 

1434,984,18.30552,1000,1224,mr974,1000,
1424,974,18.31916,1000,1214,mr964,1000,
1434,984,18.315056,1000,1224,mr974,1000,
1457,1007,18.295065,1000,1257,mr1007,1000,
1434,984,18.291018,1000,1224,mr974,1000,
1452,1002,18.262337,1000,1242,mr992,1000,
1406,956,18.30757,1000,1196,mr946,1000,
1443,993,18.287731,1000,1233,mr983,1000,
1452,1002,18.259207,1000,1242,mr992,1000,
1457,1007,18.239523,1000,1247,mr997,1000,
1434,984,18.235615,1000,1224,mr974,1000,
1438,988,18.22475,1000,1228,mr978,1000,
1448,998,18.196533,1000,1238,mr988,1000,
1443,993,18.177095,1000,1233,mr983,1000,
1452,1002,18.14906,1000,1242,mr992,1000,
1429,979,18.153992,1000,1219,mr969,1000,
1438,988,18.143362,1000,1228,mr978,1000,
1448,998,18.115528,1000,1238,mr988,1000,
1452,1002,18.08779,1000,1242,mr992,1000,
1471,1021,18.092794,1000,1271,mr1021,1000,
1438,988,18.082344,1000,1228,mr978,1000,
1438,988,18.07193,1000,1228,mr978,1000,
1438,988,18.06155,1000,1228,mr978,1000,
1443,993,18.042673,1000,1233,mr983,1000,
1452,1002,18.015345,1000,1242,mr992,1000,
1438,988,18.005114,1000,1228,mr978,1000,
1420,970,18.025478,1000,1210,mr960,1000,
1438,988,18.015266,1000,1228,mr978,1000,
1443,993,17.996628,1000,1233,mr983,1000,
1438,988,17.986498,1000,1228,mr978,1000,
1448,998,17.95954,1000,1238,mr988,1000,
1434,984,17.95624,1000,1224,mr974,1000,
1452,1002,17.929422,1000,1242,mr992,1000,
1452,1002,17.902695,1000,1242,mr992,1000,
1452,1002,17.876057,1000,1242,mr992,1000,
1448,998,17.849508,1000,1238,mr988,1000,
1438,988,17.839743,1000,1228,mr978,1000,
1457,1007,17.821676,1000,1247,mr997,1000,
1415,965,17.85026,1000,1205,mr955,1000,
1443,993,17.832235,1000,1233,mr983,1000,
1429,979,17.837488,1000,1219,mr969,1000,
1448,998,17.811266,1000,1238,mr988,1000,
1448,998,17.785131,1000,1238,mr988,1000,
1438,988,17.775585,1000,1228,mr978,1000,
1443,993,17.757833,1000,1233,mr983,1000,
1457,1007,17.740139,1000,1247,mr997,1000,
1457,1007,17.722504,1000,1247,mr997,1000,
1452,1002,17.69673,1000,1252,mr1002,1000,
1434,984,17.693953,1000,1224,mr974,1000,
1448,998,17.668308,1000,1238,mr988,1000,
1438,988,17.659061,1000,1228,mr978,1000,
1443,993,17.641703,1000,1233,mr983,1000,
1443,993,17.6244,1000,1233,mr983,1000,
1452,1002,17.599035,1000,1252,mr1002,1000,
1452,1002,17.573753,1000,1242,mr992,1000,
1434,984,17.571207,1000,1224,mr974,1000,
1429,979,17.576746,1000,1219,mr969,1000,
1434,984,17.574203,1000,1224,mr974,1000,
1452,1002,17.549124,1000,1252,mr1002,1000,
1457,1007,17.532164,1000,1247,mr997,1000,
1438,988,17.523283,1000,1228,mr978,1000,
1452,1002,17.498405,1000,1242,mr992,1000,
1443,993,17.481607,1000,1233,mr983,1000,
1434,984,17.47924,1000,1224,mr974,1000,
1452,1002,17.454554,1000,1242,mr992,1000,
1452,1002,17.429945,1000,1242,mr992,1000,
1434,984,17.427671,1000,1224,mr974,1000,
1443,993,17.41112,1000,1233,mr983,1000,
1448,998,17.386696,1000,1238,mr988,1000,
1443,993,17.37026,1000,1233,mr983,1000,
1438,988,17.361776,1000,1228,mr978,1000,
1457,1007,17.345434,1000,1257,mr1007,1000,
1452,1002,17.321268,1000,1242,mr992,1000,
1434,984,17.319191,1000,1224,mr974,1000,
1420,970,17.339098,1000,1210,mr960,1000,
1448,998,17.315056,1000,1238,mr988,1000,
1448,998,17.291088,1000,1238,mr988,1000,
1457,1007,17.275007,1000,1257,mr1007,1000,
1443,993,17.258978,1000,1233,mr983,1000,
1438,988,17.250786,1000,1228,mr978,1000,
1429,979,17.256617,1000,1219,mr969,1000,
1434,984,17.254665,1000,1224,mr974,1000,
1434,984,17.25272,1000,1224,mr974,1000,
1461,1011,17.24304,1000,1261,mr1011,1000,
1443,993,17.22721,1000,1233,mr983,1000,
1434,984,17.225315,1000,1224,mr974,1000,
1452,1002,17.201855,1000,1252,mr1002,1000,
1434,984,17.200006,1000,1224,mr974,1000,
1443,993,17.184338,1000,1233,mr983,1000,
1434,984,17.182522,1000,1224,mr974,1000,
1443,993,17.166927,1000,1233,mr983,1000,
1448,998,17.143738,1000,1238,mr988,1000,
1452,1002,17.120619,1000,1242,mr992,1000,
1434,984,17.11891,1000,1224,mr974,1000,
1434,984,17.117207,1000,1224,mr974,1000,
1452,1002,17.094233,1000,1252,mr1002,1000,
1443,993,17.078915,1000,1233,mr983,1000,
1443,993,17.063644,1000,1233,mr983,1000,
1424,974,17.077164,1000,1214,mr964,1000,
1434,984,17.075537,1000,1224,mr974,1000,
1438,988,17.06788,1000,1228,mr978,1000,
1443,993,17.05272,1000,1233,mr983,1000,
1448,998,17.030085,1000,1238,mr988,1000,
1434,984,17.028538,1000,1224,mr974,1000,
1420,970,17.047985,1000,1210,mr960,1000,
1443,993,17.032944,1000,1233,mr983,1000,
1452,1002,17.010473,1000,1242,mr992,1000,
1434,984,17.008965,1000,1224,mr974,1000,
1443,993,16.994047,1000,1233,mr983,1000,
1443,993,16.979176,1000,1233,mr983,1000,
1457,1007,16.964348,1000,1257,mr1007,1000,
1448,998,16.942144,1000,1238,mr988,1000,
1466,1016,16.940748,1000,1266,mr1016,1000,
1434,984,16.939356,1000,1224,mr974,1000,
1420,970,16.958649,1000,1210,mr960,1000,
1438,988,16.951334,1000,1228,mr978,1000,
1438,988,16.944042,1000,1228,mr978,1000,
1457,1007,16.929419,1000,1257,mr1007,1000,
1443,993,16.914839,1000,1233,mr983,1000,
1452,1002,16.89297,1000,1252,mr1002,1000,
1438,988,16.885805,1000,1228,mr978,1000,
1438,988,16.878662,1000,1228,mr978,1000,
1452,1002,16.856941,1000,1242,mr992,1000,
1452,1002,16.835283,1000,1242,mr992,1000,
1443,993,16.820967,1000,1233,mr983,1000,
1452,1002,16.799425,1000,1242,mr992,1000,
1448,998,16.777946,1000,1238,mr988,1000,
1457,1007,16.763775,1000,1247,mr997,1000,
1448,998,16.742409,1000,1238,mr988,1000,
1448,998,16.721106,1000,1238,mr988,1000,
1434,984,16.720064,1000,1224,mr974,1000,
1424,974,16.733437,1000,1214,mr964,1000,
1434,984,16.732382,1000,1224,mr974,1000,
1448,998,16.711214,1000,1238,mr988,1000,
1457,1007,16.69728,1000,1247,mr997,1000,
1448,998,16.676226,1000,1238,mr988,1000,
1434,984,16.675259,1000,1224,mr974,1000,
1438,988,16.66858,1000,1228,mr978,1000,
1448,998,16.647655,1000,1238,mr988,1000,
1415,965,16.6738,1000,1205,mr955,1000,
1457,1007,16.660038,1000,1247,mr997,1000,
1420,970,16.678988,1000,1210,mr960,1000,
1443,993,16.665258,1000,1233,mr983,1000,
1434,984,16.664316,1000,1224,mr974,1000,
1443,993,16.650646,1000,1233,mr983,1000,
1420,970,16.6695,1000,1210,mr960,1000,
1452,1002,16.64881,1000,1252,mr1002,1000,
1466,1016,16.647896,1000,1266,mr1016,1000,
1452,1002,16.627295,1000,1242,mr992,1000,
1452,1002,16.60675,1000,1242,mr992,1000,
1434,984,16.605898,1000,1224,mr974,1000,
1448,998,16.585442,1000,1238,mr988,1000,
1443,993,16.572035,1000,1233,mr983,1000,
1401,951,16.617325,1000,1191,mr941,1000,
1415,965,16.642963,1000,1205,mr955,1000,
1452,1002,16.62257,1000,1242,mr992,1000,
1424,974,16.635612,1000,1214,mr964,1000,
1452,1002,16.615286,1000,1252,mr1002,1000,
1448,998,16.595015,1000,1238,mr988,1000,
1424,974,16.608042,1000,1214,mr964,1000,
1452,1002,16.587837,1000,1242,mr992,1000,
1434,984,16.587025,1000,1224,mr974,1000,
1448,998,16.566904,1000,1238,mr988,1000,
1448,998,16.54684,1000,1238,mr988,1000,
1452,1002,16.52683,1000,1242,mr992,1000,
1443,993,16.513744,1000,1233,mr983,1000,
1429,979,16.519897,1000,1219,mr969,1000,
1448,998,16.500008,1000,1238,mr988,1000,
1429,979,16.506165,1000,1219,mr969,1000,
1457,1007,16.493177,1000,1247,mr997,1000,
1457,1007,16.480227,1000,1257,mr1007,1000,
1457,1007,16.46731,1000,1247,mr997,1000,
1471,1021,16.473476,1000,1271,mr1021,1000,
1452,1002,16.453812,1000,1242,mr992,1000,
1457,1007,16.440985,1000,1257,mr1007,1000,
1420,970,16.459358,1000,1210,mr960,1000,
1452,1002,16.439793,1000,1252,mr1002,1000,
1457,1007,16.427036,1000,1257,mr1007,1000,
1438,988,16.421062,1000,1228,mr978,1000,
1452,1002,16.401627,1000,1242,mr992,1000,
1466,1016,16.401087,1000,1266,mr1016,1000,
1424,974,16.413988,1000,1214,mr964,1000,
1438,988,16.408062,1000,1228,mr978,1000,
1448,998,16.388748,1000,1238,mr988,1000,
1448,998,16.369486,1000,1238,mr988,1000,
1452,1002,16.350275,1000,1252,mr1002,1000,
1443,993,16.337791,1000,1233,mr983,1000,
1438,988,16.332008,1000,1228,mr978,1000,
1443,993,16.319582,1000,1233,mr983,1000,
1452,1002,16.300539,1000,1252,mr1002,1000,
1443,993,16.288187,1000,1233,mr983,1000,
1424,974,16.301067,1000,1214,mr964,1000,
1434,984,16.300669,1000,1224,mr974,1000,
1429,979,16.306885,1000,1219,mr969,1000,
1410,960,16.338184,1000,1200,mr950,1000,
1434,984,16.337738,1000,1224,mr974,1000,
1457,1007,16.325436,1000,1247,mr997,1000,
1457,1007,16.313166,1000,1247,mr997,1000,
1434,984,16.312754,1000,1224,mr974,1000,
1443,993,16.300533,1000,1233,mr983,1000,
1457,1007,16.288345,1000,1247,mr997,1000,
1448,998,16.269644,1000,1238,mr988,1000,
1415,965,16.294128,1000,1205,mr955,1000,
1429,979,16.300272,1000,1219,mr969,1000,
1410,960,16.331171,1000,1200,mr950,1000,
1420,970,16.348969,1000,1210,mr960,1000,
1429,979,16.355017,1000,1219,mr969,1000,
1461,1011,16.348063,1000,1261,mr1011,1000,
1448,998,16.329453,1000,1238,mr988,1000,
1438,988,16.323845,1000,1228,mr978,1000,
1466,1016,16.323425,1000,1266,mr1016,1000,
1424,974,16.335928,1000,1214,mr964,1000,
1424,974,16.348396,1000,1214,mr964,1000,
1424,974,16.360834,1000,1214,mr964,1000,
1471,1021,16.366804,1000,1271,mr1021,1000,
1452,1002,16.348337,1000,1242,mr992,1000,
1434,984,16.347889,1000,1224,mr974,1000,
1434,984,16.347443,1000,1224,mr974,1000,
1457,1007,16.335474,1000,1247,mr997,1000,
1420,970,16.352947,1000,1210,mr960,1000,
1438,988,16.347387,1000,1228,mr978,1000,
1420,970,16.364801,1000,1210,mr960,1000,
1466,1016,16.364336,1000,1266,mr1016,1000,
1434,984,16.363873,1000,1224,mr974,1000,
1438,988,16.358328,1000,1228,mr978,1000,
1452,1002,16.340107,1000,1252,mr1002,1000,
1429,979,16.346012,1000,1219,mr969,1000,
1452,1002,16.327852,1000,1242,mr992,1000,
1452,1002,16.309738,1000,1252,mr1002,1000,
1438,988,16.304296,1000,1228,mr978,1000,
1452,1002,16.286259,1000,1242,mr992,1000,
1457,1007,16.274563,1000,1247,mr997,1000,
1452,1002,16.256607,1000,1242,mr992,1000,
1471,1021,16.262566,1000,1271,mr1021,1000,
1457,1007,16.250944,1000,1247,mr997,1000,
1406,956,16.285717,1000,1196,mr946,1000,
1424,974,16.297874,1000,1214,mr964,1000,
1424,974,16.310003,1000,1214,mr964,1000,
1443,993,16.29838,1000,1233,mr983,1000,
1457,1007,16.286785,1000,1247,mr997,1000,
1415,965,16.31009,1000,1205,mr955,1000,
1424,974,16.322142,1000,1214,mr964,1000,
1438,988,16.316772,1000,1228,mr978,1000,
1429,979,16.322582,1000,1219,mr969,1000,
1452,1002,16.304834,1000,1242,mr992,1000,
1452,1002,16.28713,1000,1242,mr992,1000,
1457,1007,16.27565,1000,1257,mr1007,1000,
1429,979,16.281483,1000,1219,mr969,1000,
1424,974,16.293467,1000,1214,mr964,1000,
1448,998,16.275864,1000,1238,mr988,1000,
1443,993,16.264454,1000,1233,mr983,1000,
1452,1002,16.24693,1000,1252,mr1002,1000,
1448,998,16.229448,1000,1238,mr988,1000,
1466,1016,16.229166,1000,1266,mr1016,1000,
1452,1002,16.21175,1000,1252,mr1002,1000,
1457,1007,16.200489,1000,1257,mr1007,1000,
1443,993,16.189255,1000,1233,mr983,1000,
1424,974,16.20122,1000,1214,mr964,1000,
1434,984,16.200974,1000,1224,mr974,1000,
1410,960,16.229925,1000,1200,mr950,1000,
1438,988,16.224785,1000,1228,mr978,1000,
1410,960,16.25364,1000,1200,mr950,1000,
1406,956,16.287271,1000,1196,mr946,1000,
1429,979,16.292976,1000,1219,mr969,1000,
1452,1002,16.275692,1000,1242,mr992,1000,
1424,974,16.287436,1000,1214,mr964,1000,
1420,970,16.303978,1000,1210,mr960,1000,
1448,998,16.286745,1000,1238,mr988,1000,
1452,1002,16.269552,1000,1252,mr1002,1000,
1434,984,16.269228,1000,1224,mr974,1000,
1457,1007,16.2581,1000,1257,mr1007,1000,
1406,956,16.291365,1000,1196,mr946,1000,
1420,970,16.307781,1000,1210,mr960,1000,
1452,1002,16.290667,1000,1242,mr992,1000,
1434,984,16.29032,1000,1224,mr974,1000,
1415,965,16.312645,1000,1205,mr955,1000,
1457,1007,16.301544,1000,1257,mr1007,1000,
1443,993,16.29047,1000,1233,mr983,1000,
1457,1007,16.279423,1000,1247,mr997,1000,
1434,984,16.27909,1000,1224,mr974,1000,
1471,1021,16.28469,1000,1271,mr1021,1000,
1434,984,16.284353,1000,1224,mr974,1000,
1415,965,16.306501,1000,1205,mr955,1000,
1448,998,16.28959,1000,1238,mr988,1000,
1452,1002,16.27272,1000,1252,mr1002,1000,
四月 22, 2019 6:33:23 下午 shenshen.han.biosim.utils.UtilLog logInfo
信息: shenshen.han.biosim.position.NewMain1$1
corrupt? 

1429,979,16.278296,1000,1219,mr969,1000,
1434,984,16.277967,1000,1224,mr974,1000,
1429,979,16.283522,1000,1219,mr969,1000,
1434,984,16.283188,1000,1224,mr974,1000,
1448,998,16.266424,1000,1238,mr988,1000,
1424,974,16.277836,1000,1214,mr964,1000,
1443,993,16.266972,1000,1233,mr983,1000,
1461,1011,16.260813,1000,
1261,mr1011,1000,
1466,1016,16.260508,1000,1266,mr1016,1000,
1434,984,16.260202,1000,1224,mr974,1000,
1424,974,16.271553,1000,1214,mr964,1000,
1424,974,16.282879,1000,1214,mr964,1000,
1438,988,16.277899,1000,1228,mr978,1000,
1448,998,16.261316,1000,1238,mr988,1000,
1410,960,16.288855,1000,1200,mr950,1000,
1448,998,16.272297,1000,1238,mr988,1000,
1424,974,16.283556,1000,1214,mr964,1000,
1429,979,16.28901,1000,1219,mr969,1000,
1471,1021,16.294449,1000,1271,mr1021,1000,
1452,1002,16.277962,1000,1242,mr992,1000,
1438,988,16.273033,1000,1228,mr978,1000,
1438,988,16.268116,1000,1228,mr978,1000,
1443,993,16.257463,1000,1233,mr983,1000,
1434,984,16.257168,1000,1224,mr974,1000,
1443,993,16.246552,1000,1233,mr983,1000,
1429,979,16.251997,1000,1219,mr969,1000,
1448,998,16.235691,1000,1238,mr988,1000,
1406,956,16.267422,1000,1196,mr946,1000,
1457,1007,16.256844,1000,1247,mr997,1000,
1443,993,16.246288,1000,1233,mr983,1000,
1420,970,16.261953,1000,1210,mr960,1000,
1415,965,16.283272,1000,1205,mr955,1000,
1443,993,16.272722,1000,1233,mr983,1000,
1420,970,16.288303,1000,1210,mr960,1000,
1443,993,16.277773,1000,1233,mr983,1000,
1457,1007,16.267265,1000,1247,mr997,1000,
1443,993,16.256783,1000,1233,mr983,1000,
1424,974,16.267792,1000,1214,mr964,1000,
1434,984,16.26749,1000,1224,mr974,1000,
1452,1002,16.251406,1000,1242,mr992,1000,
1429,979,16.256754,1000,1219,mr969,1000,
1434,984,16.256464,1000,1224,mr974,1000,
1429,979,16.261793,1000,1219,mr969,1000,
1466,1016,16.2615,1000,1266,mr1016,1000,
1443,993,16.251116,1000,1233,mr983,1000,
1424,974,16.262033,1000,1214,mr964,1000,
1434,984,16.26174,1000,1224,mr974,1000,
1434,984,16.261448,1000,1224,mr974,1000,
1457,1007,16.251112,1000,1247,mr997,1000,
1434,984,16.250832,1000,1224,mr974,1000,
1452,1002,16.234962,1000,1242,mr992,1000,
1424,974,16.245825,1000,1214,mr964,1000,
1438,988,16.241106,1000,1228,mr978,1000,
1434,984,16.240839,1000,1224,mr974,1000,
1438,988,16.236137,1000,1228,mr978,1000,
1424,974,16.24695,1000,1214,mr964,1000,
1434,984,16.246677,1000,1224,mr974,1000,
1434,984,16.246405,1000,1224,mr974,1000,
1457,1007,16.236198,1000,1247,mr997,1000,
1424,974,16.246964,1000,1214,mr964,1000,
1452,1002,16.231274,1000,1242,mr992,1000,
1429,979,16.236519,1000,1219,mr969,1000,
1420,970,16.251644,1000,1210,mr960,1000,
1420,970,16.266735,1000,1210,mr960,1000,
1424,974,16.277409,1000,1214,mr964,1000,
1429,979,16.282581,1000,1219,mr969,1000,
1457,1007,16.272427,1000,1257,mr1007,1000,
1420,970,16.28743,1000,1210,mr960,1000,
1448,998,16.271832,1000,1238,mr988,1000,
1457,1007,16.26172,1000,1247,mr997,1000,
1420,970,16.276686,1000,1210,mr960,1000,
1410,960,16.3025,1000,1200,mr950,1000,
1410,960,16.328259,1000,1200,mr950,1000,
1434,984,16.327902,1000,1224,mr974,1000,
1424,974,16.338392,1000,1214,mr964,1000,
1448,998,16.322859,1000,1238,mr988,1000,
1448,998,16.307358,1000,1238,mr988,1000,
1448,998,16.291891,1000,1238,mr988,1000,
1452,1002,16.276457,1000,1252,mr1002,1000,
1452,1002,16.261057,1000,1242,mr992,1000,
1457,1007,16.251078,1000,1247,mr997,1000,
1438,988,16.246502,1000,1228,mr978,1000,
1434,984,16.246237,1000,1224,mr974,1000,
1457,1007,16.236305,1000,1257,mr1007,1000,
1438,988,16.23176,1000,1228,mr978,1000,
1438,988,16.227224,1000,1228,mr978,1000,
1410,960,16.252676,1000,1200,mr950,1000,
1415,965,16.272726,1000,1205,mr955,1000,
1452,1002,16.257477,1000,1252,mr1002,1000,
1415,965,16.27748,1000,1205,mr955,1000,
1420,970,16.292109,1000,1210,mr960,1000,
1457,1007,16.282213,1000,1257,mr1007,1000,
1448,998,16.26702,1000,1238,mr988,1000,
1410,960,16.29224,1000,1200,mr950,1000,
1452,1002,16.277067,1000,1252,mr1002,1000,
1448,998,16.261927,1000,1238,mr988,1000,
1424,974,16.272243,1000,1214,mr964,1000,
1448,998,16.257141,1000,1238,mr988,1000,
1410,960,16.282238,1000,1200,mr950,1000,
1452,1002,16.267157,1000,1252,mr1002,1000,
1452,1002,16.252106,1000,1252,mr1002,1000,
1448,998,16.237087,1000,1238,mr988,1000,
1424,974,16.247364,1000,1214,mr964,1000,
1457,1007,16.23764,1000,1257,mr1007,1000,
1466,1016,16.23739,1000,1266,mr1016,1000,
1420,970,16.251833,1000,1210,mr960,1000,
1443,993,16.242136,1000,1233,mr983,1000,
1438,988,16.237694,1000,1228,mr978,1000,
1457,1007,16.228031,1000,1247,mr997,1000,
1457,1007,16.21839,1000,1247,mr997,1000,
1438,988,16.213987,1000,1228,mr978,1000,
1401,951,16.248175,1000,1191,mr941,1000,
1443,993,16.23854,1000,1233,mr983,1000,
1452,1002,16.223724,1000,1252,mr1002,1000,
1420,970,16.238045,1000,1210,mr960,1000,
1420,970,16.252335,1000,1210,mr960,1000,
1457,1007,16.242737,1000,1257,mr1007,1000,
1410,960,16.267355,1000,1200,mr950,1000,
1443,993,16.257761,1000,1233,mr983,1000,
1457,1007,16.248188,1000,1247,mr997,1000,
1424,974,16.258263,1000,1214,mr964,1000,
1452,1002,16.243547,1000,1242,mr992,1000,
1457,1007,16.234018,1000,1247,mr997,1000,
1406,956,16.262613,1000,1196,mr946,1000,
1429,979,16.267487,1000,1219,mr969,1000,
1443,993,16.257961,1000,1233,mr983,1000,
1461,1011,16.252563,1000,1261,mr1011,1000,
1443,993,16.243074,1000,1233,mr983,1000,
1452,1002,16.228481,1000,1252,mr1002,1000,
1406,956,16.256907,1000,1196,mr946,1000,
1457,1007,16.247442,1000,1247,mr997,1000,
1471,1021,16.252296,1000,1271,mr1021,1000,
1438,988,16.247957,1000,1228,mr978,1000,
1420,970,16.261976,1000,1210,mr960,1000,
1457,1007,16.252544,1000,1247,mr997,1000,
1391,941,16.296032,1000,1181,mr931,1000,
1457,1007,16.286585,1000,1247,mr997,1000,
1452,1002,16.27208,1000,1242,mr992,1000,
1429,979,16.276875,1000,1219,mr969,1000,
1438,988,16.272541,1000,1228,mr978,1000,
1429,979,16.277327,1000,1219,mr969,1000,
1438,988,16.273003,1000,1228,mr978,1000,
1452,1002,16.258585,1000,1252,mr1002,1000,
1457,1007,16.249243,1000,1247,mr997,1000,
1448,998,16.234879,1000,1238,mr988,1000,
1424,974,16.244713,1000,1214,mr964,1000,
1420,970,16.25855,1000,1210,mr960,1000,
1415,965,16.277386,1000,1205,mr955,1000,
1424,974,16.287148,1000,1214,mr964,1000,
1466,1016,16.28686,1000,1266,mr1016,1000,
1461,1011,16.281563,1000,1261,mr1011,1000,
1434,984,16.28128,1000,1224,mr974,1000,
1438,988,16.276999,1000,1228,mr978,1000,
1420,970,16.290707,1000,1210,mr960,1000,
1429,979,16.295406,1000,1219,mr969,1000,
1461,1011,16.290127,1000,1261,mr1011,1000,
1457,1007,16.280874,1000,1247,mr997,1000,
1457,1007,16.27164,1000,1257,mr1007,1000,
1471,1021,16.27634,1000,1271,mr1021,1000,
1452,1002,16.262163,1000,1242,mr992,1000,
1461,1011,16.256943,1000,1261,mr1011,1000,
1443,993,16.247768,1000,1233,mr983,1000,
1429,979,16.252474,1000,1219,mr969,1000,
1434,984,16.252224,1000,1224,mr974,1000,
1452,1002,16.23814,1000,1252,mr1002,1000,
1452,1002,16.224085,1000,1242,mr992,1000,
1438,988,16.21992,1000,1228,mr978,1000,
1452,1002,16.20591,1000,1242,mr992,1000,
1452,1002,16.191927,1000,1252,mr1002,1000,
1461,1011,16.186823,1000,1261,mr1011,1000,
1410,960,16.210215,1000,1200,mr950,1000,
1438,988,16.206083,1000,1228,mr978,1000,
1415,965,16.224508,1000,1205,mr955,1000,
1429,979,16.229185,1000,1219,mr969,1000,
1457,1007,16.220154,1000,1257,mr1007,1000,
1438,988,16.21603,1000,1228,mr978,1000,
1452,1002,16.202147,1000,1242,mr992,1000,
1438,988,16.198048,1000,1228,mr978,1000,
1438,988,16.193954,1000,1228,mr978,1000,
1443,993,16.185003,1000,1233,mr983,1000,
1448,998,16.171204,1000,1238,mr988,1000,
1438,988,16.16715,1000,1228,mr978,1000,
1438,988,16.163105,1000,1228,mr978,1000,
1461,1011,16.158096,1000,1261,mr1011,1000,
1429,979,16.162788,1000,1219,mr969,1000,
1429,979,16.16747,1000,1219,mr969,1000,
1406,956,16.19439,1000,1196,mr946,1000,
1443,993,16.185505,1000,1233,mr983,1000,
1443,993,16.17664,1000,1233,mr983,1000,
1457,1007,16.16779,1000,1247,mr997,1000,
1434,984,16.167627,1000,1224,mr974,1000,
1424,974,16.177092,1000,1214,mr964,1000,
1452,1002,16.16346,1000,1242,mr992,1000,
1452,1002,16.149855,1000,1242,mr992,1000,
1452,1002,16.136274,1000,1242,mr992,1000,
1424,974,16.145731,1000,1214,mr964,1000,
1434,984,16.145592,1000,1224,mr974,1000,
1410,960,16.168419,1000,1200,mr950,1000,
1424,974,16.177818,1000,1214,mr964,1000,
1457,1007,16.169052,1000,1247,mr997,1000,
1429,979,16.173662,1000,1219,mr969,1000,
1443,993,16.164917,1000,1233,mr983,1000,
1434,984,16.16476,1000,1224,mr974,1000,
1438,988,16.160797,1000,1228,mr978,1000,
1434,984,16.160645,1000,1224,mr974,1000,
1438,988,16.156693,1000,1228,mr978,1000,
1452,1002,16.143261,1000,1252,mr1002,1000,
1438,988,16.139334,1000,1228,mr978,1000,
1438,988,16.135414,1000,1228,mr978,1000,
1434,984,16.135286,1000,1224,mr974,1000,
1415,965,16.153118,1000,1205,mr955,1000,
1466,1016,16.152973,1000,1266,mr1016,1000,
1438,988,16.149055,1000,1228,mr978,1000,
1452,1002,16.13572,1000,1242,mr992,1000,
1452,1002,16.122408,1000,1242,mr992,1000,
1434,984,16.122293,1000,1224,mr974,1000,
1448,998,16.10902,1000,1238,mr988,1000,
1457,1007,16.100468,1000,1247,mr997,1000,
1438,988,16.09662,1000,1228,mr978,1000,
1461,1011,16.091845,1000,1261,mr1011,1000,
1438,988,16.088013,1000,1228,mr978,1000,
1457,1007,16.079512,1000,1257,mr1007,1000,
1443,993,16.071026,1000,1233,mr983,1000,
1429,979,16.075628,1000,
1219,mr969,1000,
1434,984,16.075558,1000,1224,mr974,1000,
四月 22, 2019 6:34:26 下午 shenshen.han.biosim.utils.UtilLog logInfo
信息: shenshen.han.biosim.position.NewMain1$1
corrupt? 

1452,1002,16.06244,1000,1242,mr992,1000,
1415,965,16.080074,1000,1205,mr955,1000,
1424,974,16.089302,1000,1214,mr964,1000,
1452,1002,16.076208,1000,1252,mr1002,1000,
1452,1002,16.063139,1000,1252,mr1002,1000,
1429,979,16.067719,1000,1219,mr969,1000,
1434,984,16.067656,1000,1224,mr974,1000,
1443,993,16.05926,1000,1233,mr983,1000,
1452,1002,16.046253,1000,1252,mr1002,1000,
1448,998,16.033272,1000,1238,mr988,1000,
1424,974,16.042475,1000,1214,mr964,1000,
1438,988,16.038746,1000,1228,mr978,1000,
1457,1007,16.030415,1000,1257,mr1007,1000,
1452,1002,16.017496,1000,1242,mr992,1000,
1452,1002,16.0046,1000,1252,mr1002,1000,
1457,1007,15.996324,1000,1247,mr997,1000,
1438,988,15.992654,1000,1228,mr978,1000,
1457,1007,15.984404,1000,1247,mr997,1000,
1420,970,15.997251,1000,1210,mr960,1000,
1438,988,15.993589,1000,1228,mr978,1000,
1434,984,15.993596,1000,1224,mr974,1000,
1443,993,15.985374,1000,1233,mr983,1000,
1457,1007,15.977169,1000,1247,mr997,1000,
1443,993,15.968978,1000,1233,mr983,1000,
1452,1002,15.956244,1000,1252,mr1002,1000,
1438,988,15.9526415,1000,1228,mr978,1000,
1457,1007,15.944495,1000,1247,mr997,1000,
1443,993,15.936363,1000,1233,mr983,1000,
1452,1002,15.923706,1000,1242,mr992,1000,
1448,998,15.911071,1000,1238,mr988,1000,
1448,998,15.8984585,1000,1238,mr988,1000,
1438,988,15.894928,1000,1228,mr978,1000,
1434,984,15.895022,1000,1224,mr974,1000,
1452,1002,15.88246,1000,1242,mr992,1000,
1452,1002,15.869919,1000,1242,mr992,1000,
1457,1007,15.861914,1000,1247,mr997,1000,
1452,1002,15.849414,1000,1252,mr1002,1000,
1438,988,15.845946,1000,1228,mr978,1000,
1443,993,15.837984,1000,1233,mr983,1000,
1438,988,15.834533,1000,1228,mr978,1000,
1420,970,15.8472595,1000,1210,mr960,1000,
1443,993,15.839317,1000,1233,mr983,1000,
1457,1007,15.83139,1000,1247,mr997,1000,
1443,993,15.823477,1000,1233,mr983,1000,
1452,1002,15.811101,1000,1252,mr1002,1000,
