1737,1287,115.19975,1250,1547,mr1297,1250,
1761,1311,115.1272,1250,1571,mr1321,1250,
1761,1311,115.05483,1250,1571,mr1321,1250,
1737,1287,114.95062,1250,1547,mr1297,1250,
1747,1297,114.86002,1250,1557,mr1307,1250,
1756,1306,114.78165,1250,1566,mr1316,1250,
1719,1269,114.654274,1250,1529,mr1279,1250,
1737,1287,114.55115,1250,1547,mr1297,1250,
1780,1330,114.505325,1250,1590,mr1340,1250,
1742,1292,114.409294,1250,1552,mr1302,1250,
1747,1297,114.32013,1250,1557,mr1307,1250,
1714,1264,114.18761,1250,1524,mr1274,1250,
1728,1278,114.0739,1250,1538,mr1288,1250,
1719,1269,113.94864,1250,1529,mr1279,1250,
1737,1287,113.84739,1250,1547,mr1297,1250,
1728,1278,113.73458,1250,1538,mr1288,1250,
1723,1273,113.61551,1250,1533,mr1283,1250,
1709,1259,113.47839,1250,1519,mr1269,1250,
1733,1283,113.373055,1250,1543,mr1293,1250,
1737,1287,113.273224,1250,1547,mr1297,1250,
1737,1287,113.17365,1250,1547,mr1297,1250,
1751,1301,113.09259,1250,1561,mr1311,1250,
1700,1250,112.945335,1250,1510,mr1260,1250,
1714,1264,112.816666,1250,1524,mr1274,1250,
1728,1278,112.70651,1250,1538,mr1288,1250,
1761,1311,112.63945,1250,1571,mr1321,1250,
1742,1292,112.54795,1250,1552,mr1302,1250,
1756,1306,112.47479,1250,1566,mr1316,1250,
1728,1278,112.365654,1250,1538,mr1288,1250,
1714,1264,112.23873,1250,1524,mr1274,1250,
1756,1306,112.16626,1250,1566,mr1316,1250,
1737,1287,112.06952,1250,1547,mr1297,1250,
1761,1311,112.003876,1250,1571,mr1321,1250,
1719,1269,111.88449,1250,1529,mr1279,1250,
1765,1315,111.82438,1250,1575,mr1325,1250,
1751,1301,111.7465,1250,1561,mr1311,1250,
1751,1301,111.668816,1250,1561,mr1311,1250,
1775,1325,111.62199,1250,1585,mr1335,1250,
1761,1311,111.55742,1250,1571,mr1321,1250,
1770,1320,111.50448,1250,1580,mr1330,1250,
1794,1344,111.48221,1250,1604,mr1354,1250,
1765,1315,111.42315,1250,1575,mr1325,1250,
1751,1301,111.346466,1250,1561,mr1311,1250,
1765,1315,111.28773,1250,1575,mr1325,1250,
1751,1301,111.21141,1250,1561,mr1311,1250,
1756,1306,111.14161,1250,1566,mr1316,1250,
1751,1301,111.065674,1250,1561,mr1311,1250,
1756,1306,110.99624,1250,1566,mr1316,1250,
1761,1311,110.933266,1250,1571,mr1321,1250,
1742,1292,110.84656,1250,1552,mr1302,1250,
1761,1311,110.783936,1250,1571,mr1321,1250,
1780,1330,110.745316,1250,1590,mr1340,1250,
1747,1297,110.665436,1250,1557,mr1307,1250,
1742,1292,110.57949,1250,1552,mr1302,1250,
1789,1339,110.55252,1250,1599,mr1349,1250,
1742,1292,110.466934,1250,1552,mr1302,1250,
1761,1311,110.40526,1250,1571,mr1321,1250,
1728,1278,110.302635,1250,1538,mr1288,1250,
1704,1254,110.17042,1250,1514,mr1264,1250,
1737,1287,110.07952,1250,1547,mr1297,1250,
1737,1287,109.98885,1250,1547,mr1297,1250,
1719,1269,109.87611,1250,1529,mr1279,1250,
1765,1315,109.820564,1250,1575,mr1325,1250,
1756,1306,109.754036,1250,1566,mr1316,1250,
1756,1306,109.687675,1250,1566,mr1316,1250,
1756,1306,109.621475,1250,1566,mr1316,1250,
1770,1320,109.57268,1250,1580,mr1330,1250,
1733,1283,109.47849,1250,1543,mr1293,1250,
1803,1353,109.470535,1250,1613,mr1363,1250,
1765,1315,109.41597,1250,1575,mr1325,1250,
1742,1292,109.33335,1250,1552,mr1302,1250,
1728,1278,109.2338,1250,1538,mr1288,1250,
1756,1306,109.168724,1250,1566,mr1316,1250,
1704,1254,109.04031,1250,1514,mr1264,1250,
1756,1306,108.97563,1250,1566,mr1316,1250,
1761,1311,108.91719,1250,1571,mr1321,1250,
1742,1292,108.835785,1250,1552,mr1302,1250,
1747,1297,108.76065,1250,1557,mr1307,1250,
1737,1287,108.67356,1250,1547,mr1297,1250,
1747,1297,108.59881,1250,1557,mr1307,1250,
1747,1297,108.52423,1250,1557,mr1307,1250,
1756,1306,108.460724,1250,1566,mr1316,1250,
1747,1297,108.38649,1250,1557,mr1307,1250,
1756,1306,108.3233,1250,1566,mr1316,1250,
1747,1297,108.24942,1250,1557,mr1307,1250,
1770,1320,108.20339,1250,1580,mr1330,1250,
1742,1292,108.12382,1250,1552,mr1302,1250,
1737,1287,108.03844,1250,1547,mr1297,1250,
1733,1283,107.94846,1250,1543,mr1293,1250,
1761,1311,107.892235,1250,1571,mr1321,1250,
1765,1315,107.84093,1250,1575,mr1325,1250,
1714,1264,107.72881,1250,1524,mr1274,1250,
1719,1269,107.62293,1250,1529,mr1279,1250,
1728,1278,107.52803,1250,1538,mr1288,1250,
四月 22, 2019 6:08:35 下午 shenshen.han.biosim.utils.UtilLog logInfo
信息: shenshen.han.biosim.position.NewMain1$1
corrupt? 

1714,1264,107.41669,1250,1524,mr1274,1250,
1704,1254,107.29372,1250,1514,mr1264,1250,
1704,1254,107.17104,1250,1514,mr1264,1250,
1719,1269,107.066444,1250,1529,mr1279,1250,
1728,1278,106.97277,1250,1538,mr1288,1250,
1719,1269,106.86866,1250,1529,mr1279,1250,
1737,1287,106.78607,1250,1547,mr1297,1250,
1700,1250,106.659996,1250,1510,mr1260,1250,
1714,1264,106.55073,1250,1524,mr1274,1250,
1747,1297,106.48058,1250,1557,mr1307,1250,
1737,1287,106.39884,1250,1547,mr1297,1250,
1728,1278,106.30672,1250,1538,mr1288,1250,
1709,1259,106.192505,1250,1519,mr1269,1250,
1761,1311,106.13953,1250,1571,mr1321,1250,
1728,1278,106.04803,1250,1538,mr1288,1250,
1747,1297,105.978966,1250,1557,mr1307,1250,
1747,1297,105.910065,1250,1557,mr1307,1250,
1719,1269,105.808655,1250,1529,mr1279,1250,
1700,1250,105.68533,1250,1510,mr1260,1250,
1775,1325,105.64961,1250,1585,mr1335,1250,
1737,1287,105.569786,1250,1547,mr1297,1250,
1733,1283,105.4855,1250,1543,mr1293,1250,
1728,1278,105.39561,1250,1538,mr1288,1250,
1751,1301,105.33258,1250,1561,mr1311,1250,
1728,1278,105.24307,1250,1538,mr1288,1250,
1733,1283,105.15955,1250,1543,mr1293,1250,
1695,1245,105.0439,1250,1505,mr1255,1250,
1747,1297,104.97695,1250,1557,mr1307,1250,
1765,1315,104.93089,1250,1575,mr1325,1250,
1728,1278,104.84237,1250,1538,mr1288,1250,
1719,1269,104.7437,1250,1529,mr1279,1250,
1723,1273,104.64985,1250,1533,mr1283,1250,
1719,1269,104.55162,1250,1529,mr1279,1250,
1742,1292,104.47997,1250,1552,mr1302,1250,
1728,1278,104.39246,1250,1538,mr1288,1250,
1747,1297,104.32687,1250,1557,mr1307,1250,
1733,1283,104.24545,1250,1543,mr1293,1250,
1780,1330,104.217804,1250,1590,mr1340,1250,
1733,1283,104.136696,1250,1543,mr1293,1250,
1723,1273,104.04439,1250,1533,mr1283,1250,
1808,1358,104.04888,1250,1618,mr1368,1250,
1756,1306,103.99434,1250,1566,mr1316,1250,
1770,1320,103.9558,1250,1580,mr1330,1250,
1728,1278,103.86978,1250,1538,mr1288,1250,
1770,1320,103.83147,1250,1580,mr1330,1250,
1728,1278,103.74578,1250,1538,mr1288,1250,
1733,1283,103.66593,1250,1543,mr1293,1250,
1765,1315,103.62234,1250,1575,mr1325,1250,
1719,1269,103.52705,1250,1529,mr1279,1250,
1737,1287,103.45221,1250,1547,mr1297,1250,
1756,1306,103.398895,1250,1566,mr1316,1250,
1719,1269,103.30417,1250,1529,mr1279,1250,
1751,1301,103.24554,1250,1561,mr1311,1250,
1719,1269,103.15119,1250,1529,mr1279,1250,
1704,1254,103.04028,1250,1514,mr1264,1250,
1775,1325,103.00896,1250,1585,mr1335,1250,
1747,1297,102.94645,1250,1557,mr1307,1250,
1751,1301,102.888535,1250,1561,mr1311,1250,
1733,1283,102.81071,1250,1543,mr1293,1250,
1765,1315,102.76865,1250,1575,mr1325,1250,
1747,1297,102.70668,1250,1557,mr1307,1250,
1780,1330,102.68148,1250,1590,mr1340,1250,
1747,1297,102.61975,1250,1557,mr1307,1250,
1770,1320,102.583626,1250,1580,mr1330,1250,
1742,1292,102.51661,1250,1552,mr1302,1250,
1704,1254,102.40775,1250,1514,mr1264,1250,
1742,1292,102.34108,1250,1552,mr1302,1250,
1737,1287,102.269035,1250,1547,mr1297,1250,
1737,1287,102.19715,1250,1547,mr1297,1250,
1737,1287,102.12543,1250,1547,mr1297,1250,
1765,1315,102.08463,1250,1575,mr1325,1250,
1690,1240,101.98355,1250,1500,mr1250,1250,
1765,1315,101.943,1250,1575,mr1325,1250,
1719,1269,101.85215,1250,1529,mr1279,1250,
1690,1240,101.751656,1250,1500,mr1250,1250,
1780,1330,101.72788,1250,1590,mr1340,1250,
1723,1273,101.64194,1250,1533,mr1283,1250,
1728,1278,101.56163,1250,1538,mr1288,1250,
1723,1273,101.47605,1250,1533,mr1283,1250,
1751,1301,101.42113,1250,1561,mr1311,1250,
1756,1306,101.37176,1250,1566,mr1316,1250,
1714,1264,101.27689,1250,1524,mr1274,1250,
1723,1273,101.19199,1250,1533,mr1283,1250,
1714,1264,101.09753,1250,1524,mr1274,1250,
1719,1269,101.008675,1250,1529,mr1279,1250,
1723,1273,100.92434,1250,1533,mr1283,1250,
1733,1283,100.85099,1250,1543,mr1293,1250,
1733,1283,100.777794,1250,1543,mr1293,1250,
1733,1283,100.70476,1250,1543,mr1293,1250,
1756,1306,100.65664,1250,1566,mr1316,1250,
1747,1297,100.59894,1250,1557,mr1307,1250,
1747,1297,100.54137,1250,1557,mr1307,1250,
1761,1311,100.49895,1250,1571,mr1321,1250,
1742,1292,100.43624,1250,1552,mr1302,1250,
1751,1301,100.383316,1250,1561,mr1311,1250,
1737,1287,100.31552,1250,1547,mr1297,1250,
1742,1292,100.25322,1250,1552,mr1302,1250,
1733,1283,100.18145,1250,1543,mr1293,1250,
1756,1306,100.134346,1250,1566,mr1316,1250,
1742,1292,100.07243,1250,1552,mr1302,1250,
1719,1269,99.98618,1250,1529,mr1279,1250,
1733,1283,99.915,1250,1543,mr1293,1250,
1761,1311,99.87369,1250,1571,mr1321,1250,
1737,1287,99.807014,1250,1547,mr1297,1250,
1765,1315,99.77014,1250,1575,mr1325,1250,
1737,1287,99.70372,1250,1547,mr1297,1250,
1728,1278,99.62792,1250,1538,mr1288,1250,
1733,1283,99.55756,1250,1543,mr1293,1250,
1719,1269,99.47259,1250,1529,mr1279,1250,
1700,1250,99.367775,1250,1510,mr1260,1250,
1700,1250,99.263176,1250,1510,mr1260,1250,
1709,1259,99.16826,1250,1519,mr1269,1250,
1700,1250,99.064095,1250,1510,mr1260,1250,
1700,1250,98.960144,1250,1510,mr1260,1250,
1714,1264,98.871086,1250,1524,mr1274,1250,
1742,1292,98.81153,1250,1552,mr1302,1250,
1770,1320,98.781395,1250,1580,mr1330,1250,
1723,1273,98.70221,1250,1533,mr1283,1250,
1709,1259,98.608574,1250,1519,mr1269,1250,
1723,1273,98.52973,1250,1533,mr1283,1250,
1728,1278,98.45627,1250,1538,mr1288,1250,
1733,1283,98.38815,1250,1543,mr1293,1250,
1719,1269,98.305626,1250,1529,mr1279,1250,
1728,1278,98.23262,1250,1538,mr1288,1250,
1733,1283,98.164955,1250,1543,mr1293,1250,
1690,1240,98.07359,1250,1500,mr1250,1250,
1770,1320,98.04453,1250,1580,mr1330,1250,
1733,1283,97.977264,1250,1543,mr1293,1250,
1714,1264,97.89051,1250,1524,mr1274,1250,
1747,1297,97.83799,1250,1557,mr1307,1250,
1723,1273,97.76084,1250,1533,mr1283,1250,
1714,1264,97.674576,1250,1524,mr1274,1250,
1723,1273,97.597755,1250,1533,mr1283,1250,
1704,1254,97.50156,1250,1514,mr1264,1250,
1714,1264,97.415825,1250,1524,mr1274,1250,
1695,1245,97.321045,1250,1505,mr1255,1250,
1742,1292,97.26436,1250,1552,mr1302,1250,
1719,1269,97.18425,1250,1529,mr1279,1250,
1747,1297,97.13294,1250,1557,mr1307,1250,
1747,1297,97.08173,1250,1557,mr1307,1250,
1737,1287,97.020424,1250,1547,mr1297,1250,
1747,1297,96.96944,1250,1557,mr1307,1250,
1756,1306,96.92771,1250,1566,mr1316,1250,
1704,1254,96.83318,1250,1514,mr1264,1250,
1723,1273,96.75815,1250,1533,mr1283,1250,
1756,1306,96.71677,1250,1566,mr1316,1250,
1775,1325,96.69474,1250,1585,mr1335,1250,
1770,1320,96.667694,1250,1580,mr1330,1250,
1751,1301,96.621475,1250,1561,mr1311,1250,
1761,1311,96.58546,1250,1571,mr1321,1250,
1765,1315,96.55355,1250,1575,mr1325,1250,
1737,1287,96.493454,1250,1547,mr1297,1250,
1761,1311,96.45768,1250,1571,mr1321,1250,
1733,1283,96.39377,1250,1543,mr1293,1250,
1747,1297,96.34408,1250,1557,mr1307,1250,
1700,1250,96.24725,1250,1510,mr1260,1250,
1714,1264,96.16467,1250,1524,mr1274,1250,
1747,1297,96.115364,1250,1557,mr1307,1250,
1733,1283,96.05212,1250,1543,mr1293,1250,
1714,1264,95.969986,1250,1524,mr1274,1250,
1714,1264,95.888016,1250,1524,mr1274,1250,
1695,1245,95.79722,1250,1505,mr1255,1250,
1751,1301,95.75251,1250,1561,mr1311,1250,
1742,1292,95.69892,1250,1552,mr1302,1250,
1719,1269,95.62253,1250,1529,mr1279,1250,
1747,1297,95.57414,1250,1557,mr1307,1250,
1742,1292,95.52089,1250,1552,mr1302,1250,
1737,1287,95.462776,1250,1547,mr1297,1250,
1728,1278,95.39585,1250,1538,mr1288,1250,
1775,1325,95.37563,1250,1585,mr1335,1250,
1751,1301,95.331696,1250,1561,mr1311,1250,
1728,1278,95.2651,1250,1538,mr1288,1250,
1756,1306,95.2263,1250,1566,mr1316,1250,
1737,1287,95.16882,1250,1547,mr1297,1250,
1728,1278,95.10258,1250,1538,mr1288,1250,
1747,1297,95.05519,1250,1557,mr1307,1250,
1751,1301,95.011826,1250,1561,mr1311,1250,
1728,1278,94.94594,1250,1538,mr1288,1250,
1723,1273,94.87526,1250,1533,mr1283,1250,
1733,1283,94.81454,1250,1543,mr1293,1250,
1737,1287,94.75786,1250,1547,mr1297,1250,
1737,1287,94.70129,1250,1547,mr1297,1250,
1714,1264,94.62232,1250,1524,mr1274,1250,
1742,1292,94.570885,1250,1552,mr1302,1250,
1742,1292,94.51955,1250,1552,mr1302,1250,
1733,1283,94.459526,1250,1543,mr1293,1250,
1756,1306,94.42204,1250,1566,mr1316,1250,
1756,1306,94.38463,1250,1566,mr1316,1250,
1723,1273,94.31519,1250,1533,mr1283,1250,
1747,1297,94.26921,1250,1557,mr1307,1250,
1686,1236,94.19128,1250,1486,mr1236,1250,
1737,1287,94.1358,1250,1547,mr1297,1250,
1742,1292,94.08529,1250,1552,mr1302,1250,
1714,1264,94.00776,1250,1524,mr1274,1250,
1751,1301,93.96616,1250,1561,mr1311,1250,
1737,1287,93.911125,1250,1547,mr1297,1250,
1780,1330,93.8977,1250,1590,mr1340,1250,
1756,1306,93.86115,1250,1566,mr1316,1250,
1737,1287,93.80637,1250,1547,mr1297,1250,
1719,1269,93.734375,1250,1529,mr1279,1250,
1747,1297,93.68944,1250,1557,mr1307,1250,
1742,1292,93.639786,1250,1552,mr1302,1250,
1733,1283,93.58159,1250,1543,mr1293,1250,
1733,1283,93.523506,1250,1543,mr1293,1250,
1728,1278,93.46074,1250,1538,mr1288,1250,
1723,1273,93.39331,1250,1533,mr1283,1250,
1719,1269,93.32219,1250,
1529,mr1279,1250,
1737,1287,93.268394,1250,1547,mr1297,1250,
1747,1297,93.22424,1250,1557,mr1307,1250,
1728,1278,93.16206,1250,1538,mr1288,1250,
1737,1287,93.10858,1250,1547,mr1297,1250,
1751,1301,93.06851,1250,1561,mr1311,1250,
1747,1297,93.02472,1250,1557,mr1307,1250,
1770,1320,93.00285,1250,1580,mr1330,1250,
1756,1306,92.96775,1250,1566,mr1316,1250,
1761,1311,92.93745,1250,1571,mr1321,1250,
1770,1320,92.915726,1250,1580,mr1330,1250,
1784,1334,92.907295,1250,1594,mr1344,1250,
1780,1330,92.895096,1250,1590,mr1340,1250,
1751,1301,92.85553,1250,1561,mr1311,1250,
1742,1292,92.807556,1250,1552,mr1302,1250,
1723,1273,92.74176,1250,1533,mr1283,1250,
1737,1287,92.68927,1250,1547,mr1297,1250,
1733,1283,92.63312,1250,1543,mr1293,1250,
1770,1320,92.61185,1250,1580,mr1330,1250,
1765,1315,92.58592,1250,1575,mr1325,1250,
1700,1250,92.49907,1250,1510,mr1260,1250,
1742,1292,92.451744,1250,1552,mr1302,1250,
1737,1287,92.39982,1250,1547,mr1297,1250,
1723,1273,92.3349,1250,1533,mr1283,1250,
1742,1292,92.28786,1250,1552,mr1302,1250,
1728,1278,92.22783,1250,1538,mr1288,1250,
1756,1306,92.19404,1250,1566,mr1316,1250,
1737,1287,92.1426,1250,1547,mr1297,1250,
1737,1287,92.091255,1250,1547,mr1297,1250,
1723,1273,92.026985,1250,1533,mr1283,1250,
1756,1306,91.9935,1250,1566,mr1316,1250,
1737,1287,91.94244,1250,1547,mr1297,1250,
1761,1311,91.91373,1250,1571,mr1321,1250,
1723,1273,91.84986,1250,1533,mr1283,1250,
1756,1306,91.816666,1250,1566,mr1316,1250,
1761,1311,91.78816,1250,1571,mr1321,1250,
1751,1301,91.750465,1250,1561,mr1311,1250,
1770,1320,91.73038,1250,1580,mr1330,1250,
1723,1273,91.66698,1250,1533,mr1283,1250,
1723,1273,91.60368,1250,1533,mr1283,1250,
1723,1273,91.54051,1250,1533,mr1283,1250,
1775,1325,91.5253,1250,1585,mr1335,1250,
1761,1311,91.497246,1250,1571,mr1321,1250,
1728,1278,91.438934,1250,1538,mr1288,1250,
1733,1283,91.38532,1250,1543,mr1293,1250,
1742,1292,91.34006,1250,1552,mr1302,1250,
1733,1283,91.28663,1250,1543,mr1293,1250,
1742,1292,91.24154,1250,1552,mr1302,1250,
1747,1297,91.201096,1250,1557,mr1307,1250,
1728,1278,91.14338,1250,1538,mr1288,1250,
1709,1259,91.06843,1250,1519,mr1269,1250,
1719,1269,91.00273,1250,1529,mr1279,1250,
1737,1287,90.95355,1250,1547,mr1297,1250,
四月 22, 2019 6:09:48 下午 shenshen.han.biosim.utils.UtilLog logInfo
信息: shenshen.han.biosim.position.NewMain1$1
corrupt? 

1780,1330,90.94359,1250,1590,mr1340,1250,
1719,1269,90.87818,1250,1529,mr1279,1250,
1728,1278,90.821075,1250,1538,mr1288,1250,
1742,1292,90.77678,1250,1552,mr1302,1250,
1747,1297,90.73709,1250,1557,mr1307,1250,
1719,1269,90.67211,1250,1529,mr1279,1250,
1728,1278,90.615395,1250,1538,mr1288,1250,
1737,1287,90.56692,1250,1547,mr1297,1250,
1714,1264,90.49775,1250,1524,mr1274,1250,
1747,1297,90.45849,1250,1557,mr1307,1250,
1728,1278,90.40217,1250,1538,mr1288,1250,
1742,1292,90.35857,1250,1552,mr1302,1250,
1742,1292,90.31504,1250,1552,mr1302,1250,
1742,1292,90.27159,1250,1552,mr1302,1250,
1737,1287,90.223724,1250,1547,mr1297,1250,
1747,1297,90.18493,1250,1557,mr1307,1250,
1756,1306,90.15427,1250,1566,mr1316,1250,
1723,1273,90.09409,1250,1533,mr1283,1250,
1747,1297,90.05551,1250,1557,mr1307,1250,
1733,1283,90.00448,1250,1543,mr1293,1250,
1719,1269,89.941025,1250,1529,mr1279,1250,
1714,1264,89.87322,1250,1524,mr1274,1250,
1742,1292,89.83051,1250,1552,mr1302,1250,
1765,1315,89.80839,1250,1575,mr1325,1250,
1728,1278,89.75335,1250,1538,mr1288,1250,
1728,1278,89.6984,1250,1538,mr1288,1250,
1751,1301,89.66401,1250,1561,mr1311,1250,
1728,1278,89.609245,1250,1538,mr1288,1250,
1728,1278,89.55457,1250,1538,mr1288,1250,
1728,1278,89.5,1250,1538,mr1288,1250,
1728,1278,89.445526,1250,1538,mr1288,1250,
1728,1278,89.39115,1250,1538,mr1288,1250,
1714,1264,89.32449,1250,1524,mr1274,1250,
1728,1278,89.27032,1250,1538,mr1288,1250,
1770,1320,89.25331,1250,1580,mr1330,1250,
1728,1278,89.199295,1250,1538,mr1288,1250,
1728,1278,89.14538,1250,1538,mr1288,1250,
1714,1264,89.07923,1250,1524,mr1274,1250,
1751,1301,89.04574,1250,1561,mr1311,1250,
1756,1306,89.0167,1250,1566,mr1316,1250,
1761,1311,88.9921,1250,1571,mr1321,1250,
1761,1311,88.96755,1250,1571,mr1321,1250,
1742,1292,88.926384,1250,1552,mr1302,1250,
1709,1259,88.8564,1250,1519,mr1269,1250,
1756,1306,88.82765,1250,
1566,mr1316,1250,
1784,1334,88.82343,1250,1594,mr1344,1250,
1756,1306,88.79477,1250,1566,mr1316,1250,
1798,1348,88.802795,1250,1608,mr1358,1250,
1747,1297,88.76635,1250,1557,mr1307,1250,
1751,1301,88.73345,1250,1561,mr1311,1250,
1723,1273,88.67624,1250,1533,mr1283,1250,
1742,1292,88.63565,1250,1552,mr1302,1250,
1756,1306,88.6073,1250,
1566,mr1316,1250,
1747,1297,88.57118,1250,1557,mr1307,1250,
1728,1278,88.51865,1250,1538,mr1288,1250,
1742,1292,88.47833,1250,1552,mr1302,1250,
1747,1297,88.44242,1250,1557,mr1307,1250,
1704,1254,88.36938,1250,1514,mr1264,1250,
1765,1315,88.34918,1250,1575,mr1325,1250,
1765,1315,88.32902,1250,1575,mr1325,1250,
1756,1306,88.301125,1250,1566,mr1316,1250,
1794,1344,88.30604,1250,1604,mr1354,1250,
1756,1306,88.27821,1250,1566,mr1316,1250,
1714,1264,88.214294,1250,1524,mr1274,1250,
1751,1301,88.1823,1250,1561,mr1311,1250,
1709,1259,88.114265,1250,1519,mr1269,1250,
1742,1292,88.074684,1250,1552,mr1302,1250,
1714,1264,88.011154,1250,1524,mr1274,1250,
1747,1297,87.97601,1250,1557,mr1307,1250,
1751,1301,87.94436,1250,1561,mr1311,1250,
1737,1287,87.90078,1250,1547,mr1297,1250,
1761,1311,87.877785,1250,1571,mr1321,1250,
1751,1301,87.84629,1250,1561,mr1311,1250,
1723,1273,87.79096,1250,1533,mr1283,1250,
1751,1301,87.7596,1250,1561,mr1311,1250,
1747,1297,87.72488,1250,1557,mr1307,1250,
1756,1306,87.697876,1250,1566,mr1316,1250,
1765,1315,87.67858,1250,1575,mr1325,1250,
1723,1273,87.62363,1250,1533,mr1283,1250,
1737,1287,87.58065,1250,1547,mr1297,1250,
1733,1283,87.534355,1250,1543,mr1293,1250,
1723,1273,87.47967,1250,1533,mr1283,1250,
1794,1344,87.48519,1250,1604,mr1354,1250,
1728,1278,87.43486,1250,1538,mr1288,1250,
1733,1283,87.38885,1250,1543,mr1293,1250,
1747,1297,87.35474,1250,1557,mr1307,1250,
1737,1287,87.31224,1250,1547,mr1297,1250,
四月 22, 2019 6:10:12 下午 shenshen.han.biosim.utils.UtilLog logInfo
信息: shenshen.han.biosim.position.NewMain1$1
corrupt? 

1742,1292,87.27404,1250,1552,mr1302,1250,
1770,1320,87.25948,1250,1580,mr1330,1250,
1737,1287,87.21718,1250,1547,mr1297,1250,
1751,1301,87.18672,1250,1561,mr1311,1250,
1737,1287,87.144554,1250,1547,mr1297,1250,
1719,1269,87.08733,1250,1529,mr1279,1250,
1714,1264,87.02602,1250,1524,mr1274,1250,
1719,1269,86.968994,1250,1529,mr1279,1250,
1714,1264,86.90788,1250,1524,mr1274,1250,
1709,1259,86.84269,1250,1519,mr1269,1250,
1747,1297,86.80938,1250,1557,mr1307,1250,
1761,1311,86.78782,1250,1571,mr1321,1250,
1728,1278,86.73875,1250,1538,mr1288,1250,
1737,1287,86.69726,1250,1547,mr1297,1250,
1761,1311,86.67585,1250,1571,mr1321,1250,
1761,1311,86.65447,1250,1571,mr1321,1250,
1709,1259,86.58987,1250,1519,mr1269,1250,
1742,1292,86.5528,1250,1552,mr1302,1250,
1784,1334,86.55068,1250,1594,mr1344,1250,
1742,1292,86.51371,1250,1552,mr1302,1250,
1742,1292,86.4768,1250,1552,mr1302,1250,
1794,1344,86.48303,1250,1604,mr1354,1250,
四月 22, 2019 6:10:18 下午 shenshen.han.biosim.utils.UtilLog logInfo
信息: shenshen.han.biosim.position.NewMain1$1
corrupt? 

1742,1292,86.44621,1250,1552,mr1302,1250,
1737,1287,86.40531,1250,1547,mr1297,1250,
1728,1278,86.35704,1250,1538,mr1288,1250,
1719,1269,86.301414,1250,1529,mr1279,1250,
1765,1315,86.283844,1250,1575,mr1325,1250,
1704,1254,86.216,1250,1514,mr1264,1250,
1733,1283,86.17217,1250,1543,mr1293,1250,
1728,1278,86.12429,1250,1538,mr1288,1250,
1747,1297,86.09212,1250,1557,mr1307,1250,
1747,1297,86.06,1250,1557,mr1307,1250,
1747,1297,86.02793,1250,1557,mr1307,1250,
1733,1283,85.984436,1250,1543,mr1293,1250,
1695,1245,85.91806,1250,1505,mr1255,1250,
1733,1283,85.87472,1250,1543,mr1293,1250,
1723,1273,85.823265,1250,1533,mr1283,1250,
1704,1254,85.75636,1250,1514,mr1264,1250,
四月 22, 2019 6:10:23 下午 shenshen.han.biosim.utils.UtilLog logInfo
信息: shenshen.han.biosim.position.NewMain1$1
corrupt? 

1751,1301,85.72797,1250,1561,mr1311,1250,
1714,1264,85.66941,1250,1524,mr1274,1250,
1728,1278,85.622375,1250,1538,mr1288,1250,
1714,1264,85.564,1250,1524,mr1274,1250,
1761,1311,85.544,1250,1571,mr1321,1250,
1733,1283,85.50124,1250,1543,mr1293,1250,
1765,1315,85.48458,1250,1575,mr1325,1250,
1742,1292,85.44926,1250,1552,mr1302,1250,
1794,1344,85.4562,1250,1604,mr1354,1250,
1742,1292,85.42096,1250,1552,mr1302,1250,
1704,1254,85.35498,1250,1514,mr1264,1250,
1751,1301,85.32716,1250,1561,mr1311,1250,
1700,1250,85.258125,1250,1510,mr1260,1250,
1728,1278,85.21184,1250,1538,mr1288,1250,
1789,1339,85.2149,1250,1599,mr1349,1250,
1719,1269,85.16145,1250,1529,mr1279,1250,
1747,1297,85.13068,1250,1557,mr1307,1250,
1747,1297,85.09995,1250,1557,mr1307,1250,
1756,1306,85.07652,1250,1566,mr1316,1250,
1765,1315,85.06037,1250,1575,mr1325,1250,
1770,1320,85.04826,1250,1580,mr1330,1250,
1789,1339,85.05144,1250,1599,mr1349,1250,
1761,1311,85.032135,1250,1571,mr1321,1250,
1747,1297,85.00163,1250,1557,mr1307,1250,
1747,1297,84.97118,1250,1557,mr1307,1250,
1775,1325,84.9632,1250,1585,mr1335,1250,
1751,1301,84.93603,1250,1561,mr1311,1250,
1747,1297,84.9057,1250,1557,mr1307,1250,
1756,1306,84.882614,1250,1566,mr1316,1250,
1780,1330,84.878716,1250,1590,mr1340,1250,
1751,1301,84.8517,1250,1561,mr1311,1250,
1747,1297,84.82154,1250,1557,mr1307,1250,
1751,1301,84.79461,1250,1561,mr1311,1250,
1742,1292,84.76057,1250,1552,mr1302,1250,
1756,1306,84.7377,1250,1566,mr1316,1250,
1747,1297,84.70773,1250,1557,mr1307,1250,
1737,1287,84.66987,1250,1547,mr1297,1250,
1704,1254,84.605896,1250,1514,mr1264,1250,
1756,1306,84.58323,1250,1566,mr1316,1250,
1747,1297,84.55347,1250,1557,mr1307,1250,
1714,1264,84.49765,1250,1524,mr1274,1250,
1714,1264,84.441925,1250,1524,mr1274,1250,
1761,1311,84.42341,1250,1571,mr1321,1250,
1761,1311,84.40492,1250,1571,mr1321,1250,
1756,1306,84.38252,1250,1566,mr1316,1250,
1737,1287,84.345184,1250,1547,mr1297,1250,
1742,1292,84.311844,1250,1552,mr1302,1250,
1784,1334,84.3116,1250,1594,mr1344,1250,
1751,1301,84.285416,1250,1561,mr1311,1250,
1737,1287,84.24827,1250,1547,mr1297,1250,
1714,1264,84.19313,1250,1524,mr1274,1250,
1723,1273,84.145134,1250,1533,mr1283,1250,
1794,1344,84.152855,1250,1604,mr1354,1250,
1751,1301,84.12689,1250,1561,mr1311,1250,
1719,1269,84.07593,1250,1529,mr1279,1250,
1723,1273,84.028175,1250,1533,mr1283,1250,
1719,1269,83.97737,1250,1529,mr1279,1250,
1733,1283,83.93758,1250,1543,mr1293,1250,
1747,1297,83.90877,1250,1557,mr1307,1250,
1784,1334,83.90884,1250,1594,mr1344,1250,
1761,1311,83.891,1250,1571,mr1321,1250,
1751,1301,83.8654,1250,1561,mr1311,1250,
1714,1264,83.81107,1250,1524,mr1274,1250,
1700,1250,83.74595,1250,1510,mr1260,1250,
1719,1269,83.69568,1250,1529,mr1279,1250,
1733,1283,83.65635,1250,1543,mr1293,1250,
1747,1297,83.62793,1250,1557,mr1307,1250,
1775,1325,83.62125,1250,1585,mr1335,1250,
1756,1306,83.59987,1250,1566,mr1316,1250,
1704,1254,83.53831,1250,1514,mr1264,1250,
1747,1297,83.51007,1250,1557,mr1307,1250,
1747,1297,83.48188,1250,1557,mr1307,1250,
1723,1273,83.43521,1250,1533,mr1283,1250,
1747,1297,83.40712,1250,1557,mr1307,1250,
1742,1292,83.37521,1250,1552,mr1302,1250,
1780,1330,83.37261,1250,1590,mr1340,1250,
1719,1269,83.3231,1250,1529,mr1279,1250,
1733,1283,83.28442,1250,1543,mr1293,1250,
1714,1264,83.2312,1250,1524,mr1274,1250,
1737,1287,83.19572,1250,1547,mr1297,1250,
1742,1292,83.16412,1250,1552,mr1302,1250,
1709,1259,83.10729,1250,1519,mr1269,1250,
1709,1259,83.050545,1250,1519,mr1269,1250,
1742,1292,83.019135,1250,1552,mr1302,1250,
1761,1311,83.0023,1250,1571,mr1321,1250,
1719,1269,82.9534,1250,1529,mr1279,1250,
1719,1269,82.90458,1250,1529,mr1279,1250,
1737,1287,82.86957,1250,1547,mr1297,1250,
1747,1297,82.842224,1250,1557,mr1307,1250,
1737,1287,82.80731,1250,1547,mr1297,1250,
1742,1292,82.77625,1250,1552,mr1302,1250,
1728,1278,82.734604,1250,1538,mr1288,1250,
1723,1273,82.68922,1250,1533,mr1283,1250,
1737,1287,82.654526,1250,1547,mr1297,1250,
1709,1259,82.59864,1250,1519,mr1269,1250,
1765,1315,82.5853,1250,1575,mr1325,1250,
四月 22, 2019 6:10:50 下午 shenshen.han.biosim.utils.UtilLog logInfo
信息: shenshen.han.biosim.position.NewMain1$1
corrupt? 

1747,1297,82.55834,1250,1557,mr1307,1250,
1714,1264,82.50644,1250,1524,mr1274,1250,
1709,1259,82.450836,1250,1519,mr1269,1250,
1737,1287,82.41648,1250,1547,mr1297,1250,
1794,1344,82.42523,1250,1604,mr1354,1250,
1709,1259,82.36982,1250,1519,mr1269,1250,
1733,1283,82.33259,1250,1543,mr1293,1250,
1728,1278,82.29165,1250,1538,mr1288,1250,
1765,1315,82.278625,1250,1575,mr1325,1250,
1737,1287,82.24456,1250,1547,mr1297,1250,
1733,1283,82.207535,1250,1543,mr1293,1250,
1733,1283,82.17056,1250,1543,mr1293,1250,
1747,1297,82.14416,1250,1557,mr1307,1250,
1723,1273,82.099785,1250,1533,mr1283,1250,
1765,1315,82.08697,1250,1575,mr1325,1250,
1737,1287,82.05319,1250,1547,mr1297,1250,
1714,1264,82.00225,1250,1524,mr1274,1250,
1742,1292,81.97233,1250,1552,mr1302,1250,
1751,1301,81.94918,1250,1561,mr1311,1250,
1761,1311,81.93353,1250,1571,mr1321,1250,
1700,1250,81.87239,1250,1510,mr1260,1250,
1714,1264,81.82178,1250,1524,mr1274,1250,
1756,1306,81.802536,1250,1566,mr1316,1250,
1765,1315,81.79002,1250,1575,mr1325,1250,
1770,1320,81.78125,1250,1580,mr1330,1250,
1719,1269,81.73457,1250,1529,mr1279,1250,
1728,1278,81.69465,1250,1538,mr1288,1250,
1728,1278,81.654785,1250,1538,mr1288,1250,
1747,1297,81.629074,1250,1557,mr1307,1250,
1747,1297,81.6034,1250,1557,mr1307,1250,
1742,1292,81.574066,1250,1552,mr1302,1250,
1719,1269,81.52775,1250,1529,mr1279,1250,
1728,1278,81.48815,1250,1538,mr1288,1250,
1733,1283,81.45232,1250,1543,mr1293,1250,
1761,1311,81.43721,1250,1571,mr1321,1250,
1728,1278,81.39777,1250,1538,mr1288,1250,
1719,1269,81.35176,1250,1529,mr1279,1250,
1733,1283,81.316124,1250,1543,mr1293,1250,
1723,1273,81.27318,1250,1533,mr1283,1250,
1761,1311,81.25826,1250,1571,mr1321,1250,
1742,1292,81.22939,1250,1552,mr1302,1250,
1747,1297,81.20425,1250,1557,mr1307,1250,
1723,1273,81.16151,1250,1533,mr1283,1250,
1704,1254,81.10489,1250,1514,mr1264,1250,
1770,1320,81.09675,1250,1580,mr1330,1250,
1737,1287,81.06444,1250,1547,mr1297,1250,
1756,1306,81.04609,1250,1566,mr1316,1250,
1737,1287,81.01387,1250,1547,mr1297,1250,
1714,1264,80.96488,1250,
1524,mr1274,1250,
1728,1278,80.92619,1250,1538,mr1288,1250,
1751,1301,80.90435,1250,1561,mr1311,1250,
1695,1245,80.84898,1250,1505,mr1255,1250,
1742,1292,80.82066,1250,1552,mr1302,1250,
1719,1269,80.77564,1250,1529,mr1279,1250,
1756,1306,80.75761,1250,1566,mr1316,1250,
1704,1254,80.70178,1250,1514,mr1264,1250,
1747,1297,80.67729,1250,1557,mr1307,1250,
1747,1297,80.65283,1250,1557,mr1307,1250,
1765,1315,80.64147,1250,1575,mr1325,1250,
1747,1297,80.61707,1250,1557,mr1307,1250,
1784,1334,80.61952,1250,1594,mr1344,1250,
1742,1292,80.59155,1250,1552,mr1302,1250,
1714,1264,80.54337,1250,1524,mr1274,1250,
1723,1273,80.50177,1250,1533,mr1283,1250,
1714,1264,80.45372,1250,1524,mr1274,1250,
1747,1297,80.429565,1250,1557,mr1307,1250,
1742,1292,80.40184,1250,1552,mr1302,1250,
1765,1315,80.39074,1250,1575,mr1325,1250,
1709,1259,80.3393,1250,1519,mr1269,1250,
1742,1292,80.3117,1250,1552,mr1302,1250,
1742,1292,80.28414,1250,1552,mr1302,1250,
1775,1325,80.28034,1250,1585,mr1335,1250,
1751,1301,80.25931,1250,1561,mr1311,1250,
1719,1269,80.21533,1250,1529,mr1279,1250,
1704,1254,80.16066,1250,1514,mr1264,1250,
1700,1250,80.103195,1250,1510,mr1260,1250,
1728,1278,80.06587,1250,1538,mr1288,1250,
1756,1306,80.048645,1250,1566,mr1316,1250,
1751,1301,80.02787,1250,1561,mr1311,1250,
1747,1297,80.00426,1250,1557,mr1307,1250,
1742,1292,79.97711,1250,1552,mr1302,1250,
1700,1250,79.92002,1250,1510,mr1260,1250,
1747,1297,79.896545,1250,1557,mr1307,1250,
1770,1320,79.88949,1250,1580,mr1330,1250,
1756,1306,79.872475,1250,1566,mr1316,1250,
1728,1278,79.835556,1250,1538,mr1288,1250,
1770,1320,79.82856,1250,1580,mr1330,1250,
1747,1297,79.80523,1250,1557,mr1307,1250,
1704,1254,79.751396,1250,1514,mr1264,1250,
1756,1306,79.73454,1250,1566,mr1316,1250,
1737,1287,79.70423,1250,1547,mr1297,1250,
1742,1292,79.67751,1250,1552,mr1302,1250,
1723,1273,79.637375,1250,1533,mr1283,1250,
1761,1311,79.62418,1250,1571,mr1321,1250,
1733,1283,79.59121,1250,1543,mr1293,1250,
1723,1273,79.551216,1250,1533,mr1283,1250,
1742,1292,79.5247,1250,1552,mr1302,1250,
1747,1297,79.50174,1250,1557,mr1307,1250,
1756,1306,79.48517,1250,1566,mr1316,1250,
1742,1292,79.458755,1250,1552,mr1302,1250,
1765,1315,79.44858,1250,1575,mr1325,1250,
1719,1269,79.406044,1250,1529,mr1279,1250,
1742,1292,79.37974,1250,1552,mr1302,1250,
1770,1320,79.373146,1250,1580,mr1330,1250,
1747,1297,79.35041,1250,1557,mr1307,1250,
1742,1292,79.324196,1250,1552,mr1302,1250,
1690,1240,79.27558,1250,1500,mr1250,1250,
1765,1315,79.26558,1250,1575,mr1325,1250,
1742,1292,79.23949,1250,1552,mr1302,1250,
1719,1269,79.19733,1250,1529,mr1279,1250,
1765,1315,79.18739,1250,1575,mr1325,1250,
1733,1283,79.15511,1250,1543,mr1293,1250,
1742,1292,79.129166,1250,1552,mr1302,1250,
1737,1287,79.09977,1250,1547,mr1297,1250,
1751,1301,79.08017,1250,1561,mr1311,1250,
1714,1264,79.03481,1250,1524,mr1274,1250,
1756,1306,79.01877,1250,1566,mr1316,1250,
1723,1273,78.97979,1250,1533,mr1283,1250,
1742,1292,78.95408,1250,1552,mr1302,1250,
1775,1325,78.95133,1250,1585,mr1335,1250,
1737,1287,78.9222,1250,1547,mr1297,1250,
1747,1297,78.90005,1250,1557,mr1307,1250,
1751,1301,78.8807,1250,1561,mr1311,1250,
1761,1311,78.86831,1250,1571,mr1321,1250,
1723,1273,78.82962,1250,1533,mr1283,1250,
1733,1283,78.797905,1250,1543,mr1293,1250,
1723,1273,78.75932,1250,1533,mr1283,1250,
1737,1287,78.73047,1250,1547,mr1297,1250,
1756,1306,78.71477,1250,1566,mr1316,1250,
1709,1259,78.66666,1250,1519,mr1269,1250,
1747,1297,78.64481,1250,1557,mr1307,1250,
1756,1306,78.6292,1250,1566,mr1316,1250,
1765,1315,78.61982,1250,1575,mr1325,1250,
1723,1273,78.58154,1250,1533,mr1283,1250,
1723,1273,78.54332,1250,1533,mr1283,1250,
1733,1283,78.51202,1250,1543,mr1293,1250,
1733,1283,78.48076,1250,1543,mr1293,1250,
1737,1287,78.452286,1250,1547,mr1297,1250,
1751,1301,78.43346,1250,1561,mr1311,1250,
1765,1315,78.42425,1250,1575,mr1325,1250,
1723,1273,78.386284,1250,1533,mr1283,1250,
1714,1264,78.34222,1250,1524,mr1274,1250,
1737,1287,78.313934,1250,1547,mr1297,1250,
1775,1325,78.31167,1250,1585,mr1335,1250,
1742,1292,78.286865,1250,1552,mr1302,1250,
1747,1297,78.26551,1250,1557,mr1307,1250,
1747,1297,78.24419,1250,1557,mr1307,1250,
1737,1287,78.21607,1250,1547,mr1297,1250,
1751,1301,78.19753,1250,1561,mr1311,1250,
1719,1269,78.157234,1250,1529,mr1279,1250,
1719,1269,78.11699,1250,1529,mr1279,1250,
1747,1297,78.09584,1250,1557,mr1307,1250,
1723,1273,78.05841,1250,1533,mr1283,1250,
1751,1301,78.04005,1250,1561,mr1311,1250,
1798,1348,78.05359,1250,1608,mr1358,1250,
1742,1292,78.029144,1250,1552,mr1302,1250,
1723,1273,77.99186,1250,1533,mr1283,1250,
1742,1292,77.96749,1250,1552,mr1302,1250,
1742,1292,77.94315,1250,1552,mr1302,1250,
1770,1320,77.93778,1250,1580,mr1330,1250,
1737,1287,77.91012,1250,1547,mr1297,1250,
1770,1320,77.90478,1250,1580,mr1330,1250,
1747,1297,77.88393,1250,1557,mr1307,1250,
1756,1306,77.86917,1250,1566,mr1316,1250,
1751,1301,77.85107,1250,1561,mr1311,1250,
1751,1301,77.832985,1250,1561,mr1311,1250,
1747,1297,77.81224,1250,1557,mr1307,1250,
1770,1320,77.80699,1250,1580,mr1330,1250,
1728,1278,77.77352,1250,1538,mr1288,1250,
1737,1287,77.74614,1250,1547,mr1297,1250,
1704,1254,77.69665,1250,1514,mr1264,1250,
1737,1287,77.66936,1250,1547,mr1297,1250,
1770,1320,77.66422,1250,1580,mr1330,1250,
1751,1301,77.64636,1250,1561,mr1311,1250,
1770,1320,77.64124,1250,1580,mr1330,1250,
1756,1306,77.62677,1250,1566,mr1316,1250,
1723,1273,77.590256,1250,1533,mr1283,1250,
1765,1315,77.58185,1250,1575,mr1325,1250,
1733,1283,77.552086,1250,1543,mr1293,1250,
1719,1269,77.51302,1250,1529,mr1279,1250,
1733,1283,77.48335,1250,1543,mr1293,1250,
1723,1273,77.44706,1250,1533,mr1283,1250,
1728,1278,77.41414,1250,1538,mr1288,1250,
1737,1287,77.38725,1250,1547,mr1297,1250,
1742,1292,77.36372,1250,1552,mr1302,1250,
1761,1311,77.35285,1250,1571,mr1321,1250,
1780,1330,77.35461,1250,1590,mr1340,1250,
四月 22, 2019 6:11:42 下午 shenshen.han.biosim.utils.UtilLog logInfo
信息: shenshen.han.biosim.position.NewMain1$1
corrupt? 

1728,1278,77.32185,1250,1538,mr1288,1250,
1765,1315,77.31368,1250,1575,mr1325,1250,
1742,1292,77.290276,1250,1552,mr1302,1250,
1747,1297,77.27022,1250,1557,mr1307,1250,
1765,1315,77.2621,1250,1575,mr1325,1250,
1747,1297,77.24208,1250,1557,mr1307,1250,
1742,1292,77.21879,1250,1552,mr1302,1250,
1723,1273,77.182976,1250,1533,mr1283,1250,
1742,1292,77.15975,1250,1552,mr1302,1250,
1761,1311,77.14909,1250,1571,mr1321,1250,
1751,1301,77.13185,1250,1561,mr1311,1250,
1747,1297,77.112,1250,1557,mr1307,1250,
1742,1292,77.08888,1250,1552,mr1302,1250,
1756,1306,77.07501,1250,1566,mr1316,1250,
1751,1301,77.05787,1250,1561,mr1311,1250,
1733,1283,77.02892,1250,1543,mr1293,1250,
1761,1311,77.0184,1250,1571,mr1321,1250,
1728,1278,76.98624,1250,1538,mr1288,1250,
1733,1283,76.95739,1250,1543,mr1293,1250,
1756,1306,76.94366,1250,1566,mr1316,1250,
四月 22, 2019 6:11:48 下午 shenshen.han.biosim.utils.UtilLog logInfo
信息: shenshen.han.biosim.position.NewMain1$1
corrupt? 

1756,1306,76.92995,1250,1566,mr1316,1250,
1723,1273,76.89465,1250,1533,mr1283,1250,
1723,1273,76.859406,1250,1533,mr1283,1250,
1723,1273,76.8242,1250,1533,mr1283,1250,
1723,1273,76.78905,1250,1533,mr1283,1250,
1794,1344,76.80028,1250,1604,mr1354,1250,
1751,1301,76.78345,1250,1561,mr1311,1250,
1747,1297,76.76403,1250,1557,mr1307,1250,
1765,1315,76.75637,1250,1575,mr1325,1250,
1742,1292,76.73374,1250,1552,mr1302,1250,
1737,1287,76.70789,1250,1547,mr1297,1250,
1737,1287,76.682076,1250,1547,mr1297,1250,
1761,1311,76.67188,1250,1571,mr1321,1250,
1737,1287,76.646126,1250,1547,mr1297,1250,
1761,1311,76.63597,1250,1571,mr1321,1250,
1756,1306,76.62259,1250,1566,mr1316,1250,
1765,1315,76.61506,1250,1575,mr1325,1250,
1756,1306,76.60171,1250,1566,mr1316,1250,
1742,1292,76.579315,1250,1552,mr1302,1250,
1756,1306,76.566,1250,1566,mr1316,1250,
1761,1311,76.55594,1250,1571,mr1321,1250,
1747,1297,76.53685,1250,1557,mr1307,1250,
1747,1297,76.517784,1250,1557,mr1307,1250,
1728,1278,76.48648,1250,1538,mr1288,1250,
1775,1325,76.48553,1250,1585,mr1335,1250,
1733,1283,76.45751,1250,1543,mr1293,1250,
1737,1287,76.4321,1250,1547,mr1297,1250,
1742,1292,76.40994,1250,1552,mr1302,1250,
1728,1278,76.378815,1250,1538,mr1288,1250,
1761,1311,76.36893,1250,1571,mr1321,1250,
1733,1283,76.34107,1250,1543,mr1293,1250,
1747,1297,76.322235,1250,1557,mr1307,1250,
1747,1297,76.30342,1250,1557,mr1307,1250,
1733,1283,76.27566,1250,1543,mr1293,1250,
1756,1306,76.262665,1250,1566,mr1316,1250,
1756,1306,76.249695,1250,1566,mr1316,1250,
1761,1311,76.23994,1250,1571,mr1321,1250,
1756,1306,76.227,1250,1566,mr1316,1250,
1719,1269,76.19043,1250,1529,mr1279,1250,
1751,1301,76.17435,1250,1561,mr1311,1250,
1737,1287,76.149345,1250,1547,mr1297,1250,
1737,1287,76.124374,1250,1547,mr1297,1250,
1737,1287,76.099434,1250,1547,mr1297,1250,
1751,1301,76.08345,1250,1561,mr1311,1250,
1742,1292,76.06175,1250,1552,mr1302,1250,
1747,1297,76.04327,1250,1557,mr1307,1250,
1747,1297,76.0248,1250,1557,mr1307,1250,
1747,1297,76.00636,1250,1557,mr1307,1250,
1733,1283,75.97906,1250,1543,mr1293,1250,
1756,1306,75.96638,1250,1566,mr1316,1250,
1733,1283,75.93913,1250,1543,mr1293,1250,
1714,1264,75.89988,1250,1524,mr1274,1250,
1728,1278,75.869545,1250,1538,mr1288,1250,
1761,1311,75.86013,1250,1571,mr1321,1250,
1765,1315,75.853264,1250,1575,mr1325,1250,
1733,1283,75.82617,1250,1543,mr1293,1250,
1747,1297,75.80796,1250,1557,mr1307,1250,
1742,1292,75.78661,1250,1552,mr1302,1250,
1728,1278,75.75646,1250,1538,mr1288,1250,
1714,1264,75.71752,1250,1524,mr1274,1250,
1733,1283,75.690605,1250,1543,mr1293,1250,
1747,1297,75.67254,1250,1557,mr1307,1250,
1719,1269,75.63687,1250,1529,mr1279,1250,
1747,1297,75.618866,1250,1557,mr1307,1250,
1742,1292,75.59774,1250,1552,mr1302,1250,
1747,1297,75.57978,1250,1557,mr1307,1250,
1733,1283,75.55305,1250,1543,mr1293,1250,
1742,1292,75.532,1250,1552,mr1302,1250,
1714,1264,75.49342,1250,1524,mr1274,1250,
1737,1287,75.46931,1250,1547,mr1297,1250,
1751,1301,75.45399,1250,1561,mr1311,1250,
1751,1301,75.43868,1250,1561,mr1311,1250,
1742,1292,75.41777,1250,1552,mr1302,1250,
1728,1278,75.38814,1250,1538,mr1288,1250,
1756,1306,75.37603,1250,1566,mr1316,1250,
1723,1273,75.34334,1250,1533,mr1283,1250,
1728,1278,75.313805,1250,1538,mr1288,1250,
1737,1287,75.28992,1250,1547,mr1297,1250,
1723,1273,75.25733,1250,1533,mr1283,1250,
1728,1278,75.227905,1250,1538,mr1288,1250,
1761,1311,75.219055,1250,1571,mr1321,1250,
1751,1301,75.203995,1250,1561,mr1311,1250,
1742,1292,75.18336,1250,1552,mr1302,1250,
1742,1292,75.16275,1250,1552,mr1302,1250,
1714,1264,75.12479,1250,1524,mr1274,1250,
1719,1269,75.08997,1250,1529,mr1279,1250,
1742,1292,75.06946,1250,1552,mr1302,1250,
1770,1320,75.06632,1250,1580,mr1330,1250,
1765,1315,75.06009,1250,1575,mr1325,1250,
1690,1240,75.01983,1250,1500,mr1250,1250,
1709,1259,74.979004,1250,1519,mr1269,1250,
1751,1301,74.96418,1250,1561,mr1311,1250,
1751,1301,74.94938,1250,1561,mr1311,1250,
1723,1273,74.91731,1250,1533,mr1283,1250,
1756,1306,74.90564,1250,1566,mr1316,1250,
1723,1273,74.873634,1250,1533,mr1283,1250,
1761,1311,74.86508,1250,1571,mr1321,1250,
1765,1315,74.85901,1250,1575,mr1325,1250,
1747,1297,74.841866,1250,1557,mr1307,1250,
1737,1287,74.818596,1250,1547,mr1297,1250,
1747,1297,74.8015,1250,1557,mr1307,1250,
1723,1273,74.76968,1250,1533,mr1283,1250,
1742,1292,74.74956,1250,1552,mr1302,1250,
1728,1278,74.72088,1250,1538,mr1288,1250,
1737,1287,74.697754,1250,1547,mr1297,1250,
1742,1292,74.67772,1250,1552,mr1302,1250,
1723,1273,74.64607,1250,1533,mr1283,1250,
四月 22, 2019 6:12:18 下午 shenshen.han.biosim.utils.UtilLog logInfo
信息: shenshen.han.biosim.position.NewMain1$1
corrupt? 

1742,1292,74.6261,1250,1552,mr1302,1250,
1733,1283,74.60064,1250,1543,mr1293,1250,
1765,1315,74.59477,1250,1575,mr1325,1250,
1780,1330,74.598076,1250,1590,mr1340,1250,
1742,1292,74.57817,1250,1552,mr1302,1250,
1751,1301,74.56379,1250,1561,mr1311,1250,
1704,1254,74.52076,1250,1514,mr1264,1250,
1756,1306,74.509476,1250,1566,mr1316,1250,
1742,1292,74.48968,1250,1552,mr1302,1250,
1723,1273,74.458336,1250,1533,mr1283,1250,
1751,1301,74.44407,1250,1561,mr1311,1250,
1765,1315,74.438324,1250,1575,mr1325,1250,
1737,1287,74.41557,1250,1547,mr1297,1250,
1728,1278,74.38739,1250,1538,mr1288,1250,
1737,1287,74.3647,1250,1547,mr1297,1250,
1742,1292,74.34507,1250,1552,mr1302,1250,
1765,1315,74.33941,1250,1575,mr1325,1250,
1714,1264,74.302864,1250,1524,mr1274,1250,
1761,1311,74.294815,1250,1571,mr1321,1250,
1728,1278,74.26681,1250,1538,mr1288,1250,
1714,1264,74.23037,1250,1524,mr1274,1250,
1728,1278,74.20244,1250,1538,mr1288,1250,
1737,1287,74.17998,1250,1547,mr1297,1250,
1742,1292,74.16055,1250,1552,mr1302,1250,
1723,1273,74.1297,1250,1533,mr1283,1250,
1751,1301,74.11575,1250,1561,mr1311,1250,
1737,1287,74.09339,1250,1547,mr1297,1250,
1719,1269,74.06023,1250,1529,mr1279,1250,
1742,1292,74.04094,1250,1552,mr1302,1250,
1728,1278,74.01325,1250,1538,mr1288,1250,
1733,1283,73.9886,1250,1543,mr1293,1250,
1737,1287,73.966385,1250,1547,mr1297,1250,
1756,1306,73.955605,1250,1566,mr1316,1250,
1770,1320,73.95323,1250,1580,mr1330,1250,
1723,1273,73.92268,1250,1533,mr1283,1250,
1770,1320,73.920334,1250,1580,mr1330,1250,
1742,1292,73.90122,1250,1552,mr1302,1250,
1761,1311,73.8935,1250,1571,mr1321,1250,
1733,1283,73.86904,1250,1543,mr1293,1250,
1733,1283,73.84461,1250,1543,mr1293,1250,
1765,1315,73.83933,1250,1575,mr1325,1250,
1756,1306,73.82868,1250,1566,mr1316,1250,
1737,1287,73.80671,1250,1547,mr1297,1250,
1761,1311,73.79907,1250,1571,mr1321,1250,
1765,1315,73.79383,1250,1575,mr1325,1250,
1780,1330,73.79752,1250,1590,mr1340,1250,
1765,1315,73.79228,1250,1575,mr1325,1250,
1728,1278,73.76504,1250,1538,mr1288,1250,
1723,1273,73.734856,1250,1533,mr1283,1250,
1770,1320,73.732635,1250,1580,mr1330,1250,
1765,1315,73.72745,1250,1575,mr1325,1250,
1728,1278,73.70031,1250,1538,mr1288,1250,
1770,1320,73.69811,1250,1580,mr1330,1250,
1751,1301,73.684654,1250,1561,mr1311,1250,
1775,1325,73.68543,1250,1585,mr1335,1250,
1742,1292,73.66667,1250,1552,mr1302,1250,
1719,1269,73.63432,1250,1529,mr1279,1250,
1742,1292,73.615616,1250,1552,mr1302,1250,
1756,1306,73.60521,1250,1566,mr1316,1250,
1737,1287,73.58359,1250,1547,mr1297,1250,
1770,1320,73.581474,1250,1580,mr1330,1250,
1704,1254,73.54042,1250,1514,mr1264,1250,
