2084,1634,87.72381,1500,1904,mr1654,1500,
2074,1624,87.89574,1500,1894,mr1644,1500,
2060,1610,88.0,1500,1880,mr1630,1500,
2042,1592,88.018776,1500,1862,mr1612,1500,
2051,1601,88.07944,1500,1871,mr1621,1500,
2070,1620,88.227905,1500,1890,mr1640,1500,
2051,1601,88.28704,1500,1871,mr1621,1500,
2070,1620,88.43318,1500,1890,mr1640,1500,
2042,1592,88.44954,1500,1862,mr1612,1500,
2060,1610,88.54794,1500,1880,mr1630,1500,
2042,1592,88.56364,1500,1862,mr1612,1500,
2051,1601,88.61991,1500,1871,mr1621,1500,
2065,1615,88.73874,1500,1885,mr1635,1500,
2051,1601,88.793724,1500,1871,mr1621,1500,
2056,1606,88.87054,1500,1876,mr1626,1500,
2070,1620,89.00889,1500,1890,mr1640,1500,
2051,1601,89.06195,1500,1871,mr1621,1500,
2070,1620,89.198235,1500,1890,mr1640,1500,
2042,1592,89.210526,1500,1862,mr1612,1500,
2051,1601,89.26201,1500,1871,mr1621,1500,
2060,1610,89.35217,1500,1880,mr1630,1500,
2070,1620,89.48485,1500,1890,mr1640,1500,
2056,1606,89.55604,1500,1876,mr1626,1500,
2084,1634,89.74678,1500,1904,mr1654,1500,
2065,1615,89.8547,1500,1885,mr1635,1500,
2046,1596,89.88085,1500,1866,mr1616,1500,
2079,1629,90.04661,1500,1899,mr1649,1500,
2084,1634,90.23207,1500,1904,mr1654,1500,
2074,1624,90.37395,1500,1894,mr1644,1500,
2051,1601,90.41841,1500,1871,mr1621,1500,
2074,1624,90.558334,1500,1894,mr1644,1500,
2070,1620,90.6805,1500,1890,mr1640,1500,
2065,1615,90.78099,1500,1885,mr1635,1500,
2070,1620,90.90124,1500,1890,mr1640,1500,
2074,1624,91.03689,1500,1894,mr1644,1500,
2046,1596,91.057144,1500,1866,mr1616,1500,
2051,1601,91.097565,1500,1871,mr1621,1500,
2074,1624,91.23077,1500,1894,mr1644,1500,
2084,1634,91.40323,1500,1904,mr1654,1500,
2079,1629,91.554214,1500,1899,mr1649,1500,
2065,1615,91.648,1500,1885,mr1635,1500,
2088,1638,91.83267,1500,1908,mr1658,1500,
2065,1615,91.92461,1500,1885,mr1635,1500,
2065,1615,92.01581,1500,1885,mr1635,1500,
2051,1601,92.05118,1500,1871,mr1621,1500,
2070,1620,92.16078,1500,1890,mr1640,1500,
2046,1596,92.17578,1500,1866,mr1616,1500,
2074,1624,92.299614,1500,1894,mr1644,1500,
2042,1592,92.29845,1500,1862,mr1612,1500,
2084,1634,92.45946,1500,1904,mr1654,1500,
2074,1624,92.58077,1500,1894,mr1644,1500,
2084,1634,92.73946,1500,1904,mr1654,1500,
2060,1610,92.80534,1500,1880,mr1630,1500,
2056,1606,92.855515,1500,1876,mr1626,1500,
2070,1620,92.958336,1500,1890,mr1640,1500,
2051,1601,92.98868,1500,1871,mr1621,1500,
2070,1620,93.090225,1500,1890,mr1640,1500,
2093,1643,93.27715,1500,1913,mr1663,1500,
2084,1634,93.42911,1500,1904,mr1654,1500,
2070,1620,93.52788,1500,1890,mr1640,1500,
2070,1620,93.62592,1500,1890,mr1640,1500,
2065,1615,93.704796,1500,1885,mr1635,1500,
2056,1606,93.75,1500,1876,mr1626,1500,
2065,1615,93.827835,1500,1885,mr1635,1500,
2060,1610,93.886856,1500,1880,mr1630,1500,
2074,1624,93.99635,1500,1894,mr1644,1500,
2065,1615,94.07246,1500,1885,mr1635,1500,
2046,1596,94.079414,1500,1866,mr1616,1500,
2074,1624,94.18704,1500,1894,mr1644,1500,
2056,1606,94.229385,1500,1876,mr1626,1500,
2070,1620,94.32142,1500,1890,mr1640,1500,
2065,1615,94.39501,1500,1885,mr1635,1500,
2070,1620,94.48581,1500,1890,mr1640,1500,
2065,1615,94.5583,1500,1885,mr1635,1500,
2065,1615,94.63027,1500,1885,mr1635,1500,
2060,1610,94.684204,1500,1880,mr1630,1500,
2065,1615,94.75524,1500,1885,mr1635,1500,
2051,1601,94.777,1500,1871,mr1621,1500,
2088,1638,94.927086,1500,1908,mr1658,1500,
2070,1620,95.01384,1500,1890,mr1640,1500,
2084,1634,95.14828,1500,1904,mr1654,1500,
2074,1624,95.24742,1500,1894,mr1644,1500,
2060,1610,95.29794,1500,1880,mr1630,1500,
2070,1620,95.382256,1500,1890,mr1640,1500,
四月 22, 2019 6:19:02 下午 shenshen.han.biosim.utils.UtilLog logInfo
信息: shenshen.han.biosim.position.NewMain1$1
corrupt? 

2056,1606,95.418365,1500,1876,mr1626,1500,
2070,1620,95.50169,1500,1890,mr1640,1500,
2051,1601,95.52027,1500,1871,mr1621,1500,
2103,1653,95.713806,1500,1923,mr1673,1500,
2084,1634,95.842285,1500,1904,mr1654,1500,
2056,1606,95.87625,1500,1876,mr1626,1500,
2079,1629,95.986664,1500,1899,mr1649,1500,
2070,1620,96.066444,1500,1890,mr1640,1500,
2065,1615,96.12914,1500,1885,mr1635,1500,
2070,1620,96.207924,1500,1890,mr1640,1500,
2056,1606,96.240135,1500,1876,mr1626,1500,
2079,1629,96.34755,1500,1899,mr1649,1500,
2060,1610,96.392166,1500,1880,mr1630,1500,
2074,1624,96.48209,1500,1894,mr1644,1500,
2056,1606,96.51299,1500,1876,mr1626,1500,
2046,1596,96.51133,1500,1866,mr1616,1500,
2074,1624,96.6,1500,1894,mr1644,1500,
2070,1620,96.67524,1500,1890,mr1640,1500,
2056,1606,96.70513,1500,1876,mr1626,1500,
2079,1629,96.80831,1500,1899,mr1649,1500,
2070,1620,96.88217,1500,1890,mr1640,1500,
2074,1624,96.96826,1500,1894,mr1644,1500,
2060,1610,97.0095,1500,1880,mr1630,1500,
2056,1606,97.037865,1500,1876,mr1626,1500,
2065,1615,97.09435,1500,1885,mr1635,1500,
2079,1629,97.19437,1500,1899,mr1649,1500,
2051,1601,97.20625,1500,1871,mr1621,1500,
2056,1606,97.23364,1500,1876,mr1626,1500,
2070,1620,97.304344,1500,1890,mr1640,1500,
2056,1606,97.33126,1500,1876,mr1626,1500,
2070,1620,97.40123,1500,1890,mr1640,1500,
2074,1624,97.48307,1500,1894,mr1644,1500,
2074,1624,97.564415,1500,1894,mr1644,1500,
2098,1648,97.71865,1500,1918,mr1668,1500,
2074,1624,97.798775,1500,1894,mr1644,1500,
2070,1620,97.86626,1500,1890,mr1640,1500,
2098,1648,98.01817,1500,1918,mr1668,1500,
2074,1624,98.09667,1500,1894,mr1644,1500,
2079,1629,98.18975,1500,1899,mr1649,1500,
2074,1624,98.26726,1500,1894,mr1644,1500,
2070,1620,98.33232,1500,1890,mr1640,1500,
2084,1634,98.4388,1500,1904,mr1654,1500,
2084,1634,98.54463,1500,1904,mr1654,1500,
2084,1634,98.64984,1500,1904,mr1654,1500,
2098,1648,98.795845,1500,1918,mr1668,1500,
2070,1620,98.8584,1500,1890,mr1640,1500,
2070,1620,98.92058,1500,1890,mr1640,1500,
2084,1634,99.02345,1500,1904,mr1654,1500,
2093,1643,99.15204,1500,1913,mr1663,1500,
2051,1601,99.157425,1500,1871,mr1621,1500,
2088,1638,99.27034,1500,1908,mr1658,1500,
2079,1629,99.356514,1500,1899,mr1649,1500,
2079,1629,99.442184,1500,1899,mr1649,1500,
2070,1620,99.50143,1500,1890,mr1640,1500,
2079,1629,99.5862,1500,1899,mr1649,1500,
2056,1606,99.604576,1500,1876,mr1626,1500,
2070,1620,99.66285,1500,1890,mr1640,1500,
2060,1610,99.6923,1500,1880,mr1630,1500,
2065,1615,99.73579,1500,1885,mr1635,1500,
2042,1592,99.71387,1500,1862,mr1612,1500,
2060,1610,99.74293,1500,1880,mr1630,1500,
2093,1643,99.86478,1500,1913,mr1663,1500,
2088,1638,99.9719,1500,1908,mr1658,1500,
2056,1606,99.988785,1500,1876,mr1626,1500,
2037,1587,99.9525,1500,1857,mr1607,1500,
2079,1629,100.03342,1500,1899,mr1649,1500,
2060,1610,100.061104,1500,1880,mr1630,1500,
2056,1606,100.07755,1500,1876,mr1626,1500,
2065,1615,100.118774,1500,1885,mr1635,1500,
2046,1596,100.10743,1500,1866,mr1616,1500,
2042,1592,100.08515,1500,1862,mr1612,1500,
2042,1592,100.063,1500,1862,mr1612,1500,
2070,1620,100.11748,1500,1890,mr1640,1500,
2088,1638,100.220695,1500,1908,mr1658,1500,
2074,1624,100.28532,1500,1894,mr1644,1500,
2065,1615,100.325195,1500,1885,mr1635,1500,
2079,1629,100.402695,1500,1899,mr1649,1500,
2065,1615,100.44204,1500,1885,mr1635,1500,
2070,1620,100.49461,1500,1890,mr1640,1500,
2046,1596,100.48257,1500,1866,mr1616,1500,
2060,1610,100.50801,1500,1880,mr1630,1500,
2065,1615,100.54665,1500,1885,mr1635,1500,
2056,1606,100.56116,1500,1876,mr1626,1500,
2065,1615,100.59946,1500,1885,mr1635,1500,
2042,1592,100.576706,1500,1862,mr1612,1500,
2051,1601,100.57783,1500,1871,mr1621,1500,
2046,1596,100.56578,1500,1866,mr1616,1500,
2088,1638,100.66403,1500,1908,mr1658,1500,
2065,1615,100.70156,1500,1885,mr1635,1500,
2060,1610,100.72584,1500,1880,mr1630,1500,
2079,1629,100.79947,1500,1899,mr1649,1500,
2060,1610,100.823364,1500,1880,mr1630,1500,
2070,1620,100.87305,1500,1890,mr1640,1500,
2093,1643,100.9819,1500,1913,mr1663,1500,
2051,1601,100.98195,1500,1871,mr1621,1500,
2079,1629,101.05398,1500,1899,mr1649,1500,
2056,1606,101.06666,1500,1876,mr1626,1500,
2079,1629,101.1381,1500,1899,mr1649,1500,
2098,1648,101.257645,1500,1918,mr1668,1500,
2051,1601,101.25699,1500,1871,mr1621,1500,
2065,1615,101.29187,1500,1885,mr1635,1500,
2074,1624,101.34936,1500,1894,mr1644,1500,
2065,1615,101.38383,1500,1885,mr1635,1500,
2051,1601,101.38286,1500,1871,mr1621,1500,
2065,1615,101.417076,1500,1885,mr1635,1500,
2079,1629,101.486206,1500,1899,mr1649,1500,
2074,1624,101.54249,1500,1894,mr1644,1500,
2074,1624,101.598495,1500,1894,mr1644,1500,
2084,1634,101.67909,1500,1904,mr1654,1500,
2056,1606,101.68982,1500,1876,mr1626,1500,
2056,1606,101.700485,1500,1876,mr1626,1500,
2079,1629,101.76789,1500,1899,mr1649,1500,
2051,1601,101.766,1500,1871,mr1621,1500,
2084,1634,101.8452,1500,1904,mr1654,1500,
2079,1629,101.91176,1500,1899,mr1649,1500,
2065,1615,101.943756,1500,1885,mr1635,1500,
2074,1624,101.99755,1500,1894,mr1644,1500,
2042,1592,101.97323,1500,1862,mr1612,1500,
2093,1643,102.07281,1500,1913,mr1663,1500,
2074,1624,102.1259,1500,1894,mr1644,1500,
2060,1610,102.14492,1500,1880,mr1630,1500,
2074,1624,102.19758,1500,1894,mr1644,1500,
2060,1610,102.21634,1500,1880,mr1630,1500,
2070,1620,102.25898,1500,1890,mr1640,1500,
2056,1606,102.26794,1500,1876,mr1626,1500,
2112,1662,102.41049,1500,1932,mr1682,1500,
2065,1615,102.44047,1500,1885,mr1635,1500,
2074,1624,102.49168,1500,1894,mr1644,1500,
2084,1634,102.566345,1500,1904,mr1654,1500,
2074,1624,102.61701,1500,1894,mr1644,1500,
2051,1601,102.6132,1500,1871,mr1621,1500,
2065,1615,102.64234,1500,1885,mr1635,1500,
2070,1620,102.68309,1500,1890,mr1640,1500,
2070,1620,102.72364,1500,1890,mr1640,1500,
2056,1606,102.7313,1500,1876,mr1626,1500,
2093,1643,102.825165,1500,1913,mr1663,1500,
2060,1610,102.84185,1500,1880,mr1630,1500,
2070,1620,102.88166,1500,1890,mr1640,1500,
2084,1634,102.9537,1500,1904,mr1654,1500,
2093,1643,103.04618,1500,1913,mr1663,1500,
2056,1606,103.052986,1500,1876,mr1626,1500,
2107,1657,103.177,1500,1927,mr1677,1500,
2098,1648,103.27981,1500,1918,mr1668,1500,
2074,1624,103.327225,1500,
1894,mr1644,1500,
2028,1578,103.269394,1500,1848,mr1598,1500,
2056,1606,103.27562,1500,1876,mr1626,1500,
2065,1615,103.30226,1500,1885,mr1635,1500,
2070,1620,103.340126,1500,1890,mr1640,1500,
2103,1653,103.45248,1500,1923,mr1673,1500,
2088,1638,103.530464,1500,1908,mr1658,1500,
2051,1601,103.524765,1500,1871,mr1621,1500,
2093,1643,103.61347,1500,1913,mr1663,1500,
2084,1634,103.6816,1500,1904,mr1654,1500,
2098,1648,103.780754,1500,1918,mr1668,1500,
2074,1624,103.82588,1500,1894,mr1644,1500,
2079,1629,103.88195,1500,1899,mr1649,1500,
2065,1615,103.906654,1500,1885,mr1635,1500,
2088,1638,103.982254,1500,1908,mr1658,1500,
2088,1638,104.05751,1500,1908,mr1658,1500,
2051,1601,104.050766,1500,1871,mr1621,1500,
2028,1578,103.993385,1500,1848,mr1598,1500,
2070,1620,104.028564,1500,1890,mr1640,1500,
2056,1606,104.03288,1500,1876,mr1626,1500,
2065,1615,104.056885,1500,1885,mr1635,1500,
2060,1610,104.06986,1500,1880,mr1630,1500,
2060,1610,104.08278,1500,1880,mr1630,1500,
2088,1638,104.15652,1500,1908,mr1658,1500,
2065,1615,104.18004,1500,1885,mr1635,1500,
2042,1592,104.15367,1500,1862,mr1612,1500,
2060,1610,104.1663,1500,1880,mr1630,1500,
2074,1624,104.209045,1500,1894,mr1644,1500,
2070,1620,104.243004,1500,1890,mr1640,1500,
2065,1615,104.26608,1500,1885,mr1635,1500,
2065,1615,104.28907,1500,1885,mr1635,1500,
2051,1601,104.28204,1500,1871,mr1621,1500,
2084,1634,104.345406,1500,1904,mr1654,1500,
2056,1606,104.34893,1500,1876,mr1626,1500,
2056,1606,104.35243,1500,1876,mr1626,1500,
2023,1573,104.28601,1500,1843,mr1593,1500,
2074,1624,104.32769,1500,1894,mr1644,1500,
2084,1634,104.39029,1500,1904,mr1654,1500,
2042,1592,104.364204,1500,1862,mr1612,1500,
2079,1629,104.415955,1500,1899,mr1649,1500,
2042,1592,104.38993,1500,1862,mr1612,1500,
2079,1629,104.441414,1500,1899,mr1649,1500,
2060,1610,104.45302,1500,1880,mr1630,1500,
2084,1634,104.51457,1500,1904,mr1654,1500,
2060,1610,104.52598,1500,1880,mr1630,1500,
2070,1620,104.55808,1500,1890,mr1640,1500,
2074,1624,104.598335,1500,1894,mr1644,1500,
2093,1643,104.67768,1500,1913,mr1663,1500,
2093,1643,104.75669,1500,1913,mr1663,1500,
2088,1638,104.825096,1500,1908,mr1658,1500,
2065,1615,104.845985,1500,1885,mr1635,1500,
2070,1620,104.877045,1500,1890,mr1640,1500,
2112,1662,104.99386,1500,1932,mr1682,1500,
2042,1592,104.96734,1500,1862,mr1612,1500,
2046,1596,104.94907,1500,1866,mr1616,1500,
2074,1624,104.9878,1500,1894,mr1644,1500,
2037,1587,104.95131,1500,1857,mr1607,1500,
2103,1653,105.04858,1500,1923,mr1673,1500,
2084,1634,105.10706,1500,1904,mr1654,1500,
2051,1601,105.098785,1500,1871,mr1621,1500,
2032,1582,105.05231,1500,1852,mr1602,1500,
2028,1578,104.997986,1500,1848,mr1598,1500,
2093,1643,105.07414,1500,1913,mr1663,1500,
2093,1643,105.149994,1500,1913,mr1663,1500,
2084,1634,105.20758,1500,1904,mr1654,1500,
2051,1601,105.199196,1500,1871,mr1621,1500,
2079,1629,105.24651,1500,1899,mr1649,1500,
2074,1624,105.28372,1500,1894,mr1644,1500,
2088,1638,105.34851,1500,1908,mr1658,1500,
2060,1610,105.3577,1500,1880,mr1630,1500,
2065,1615,105.37672,1500,1885,mr1635,1500,
2051,1601,105.3681,1500,1871,mr1621,1500,
2037,1587,105.332016,1500,1857,mr1607,1500,
2042,1592,105.30588,1500,1862,mr1612,1500,
2093,1643,105.37964,1500,1913,mr1663,1500,
2074,1624,105.41601,1500,1894,mr1644,1500,
2070,1620,105.444435,1500,1890,mr1640,1500,
2060,1610,105.4533,1500,1880,mr1630,1500,
2070,1620,105.481544,1500,1890,mr1640,1500,
2074,1624,105.51743,1500,1894,mr1644,1500,
2070,1620,105.54545,1500,1890,mr1640,1500,
2074,1624,105.58107,1500,1894,mr1644,1500,
2112,1662,105.68978,1500,1932,mr1682,1500,
2056,1606,105.69038,1500,
1876,mr1626,1500,
2088,1638,105.75239,1500,1908,mr1658,1500,
2028,1578,105.69923,1500,1848,mr1598,1500,
2088,1638,105.76099,1500,1908,mr1658,1500,
2074,1624,105.79579,1500,1894,mr1644,1500,
2074,1624,105.83047,1500,1894,mr1644,1500,
2065,1615,105.8479,1500,1885,mr1635,1500,
2074,1624,105.88235,1500,1894,mr1644,1500,
2112,1662,105.98863,1500,1932,mr1682,1500,
2028,1578,105.93572,1500,1848,mr1598,1500,
2070,1620,105.96226,1500,1890,mr1640,1500,
2088,1638,106.02259,1500,1908,mr1658,1500,
2056,1606,106.02255,1500,1876,mr1626,1500,
2018,1568,105.95121,1500,1838,mr1588,1500,
2121,1671,106.07303,1500,1941,mr1691,1500,
2074,1624,106.10654,1500,1894,mr1644,1500,
2084,1634,106.15858,1500,1904,mr1654,1500,
2060,1610,106.165726,1500,1880,mr1630,1500,
2037,1587,106.130104,1500,1857,mr1607,1500,
2084,1634,106.18181,1500,1904,mr1654,1500,
2079,1629,106.22407,1500,1899,mr1649,1500,
2051,1601,106.21441,1500,1871,mr1621,1500,
2070,1620,106.239845,1500,1890,mr1640,1500,
2074,1624,106.27255,1500,1894,mr1644,1500,
2088,1638,106.33087,1500,1908,mr1658,1500,
2084,1634,106.38164,1500,1904,mr1654,1500,
2079,1629,106.423065,1500,1899,mr1649,1500,
2051,1601,106.41315,1500,1871,mr1621,1500,
2093,1643,106.47991,1500,1913,mr1663,1500,
2070,1620,106.50454,1500,1890,mr1640,1500,
2074,1624,106.53635,1500,1894,mr1644,1500,
2046,1596,106.51723,1500,1866,mr1616,1500,
2070,1620,106.54165,1500,1890,mr1640,1500,
2070,1620,106.56598,1500,1890,mr1640,1500,
2074,1624,106.59745,1500,1894,mr1644,1500,
2074,1624,106.62881,1500,1894,mr1644,1500,
2046,1596,106.60969,1500,1866,mr1616,1500,
2088,1638,106.666046,1500,1908,mr1658,1500,
2079,1629,106.70607,1500,1899,mr1649,1500,
2098,1648,106.779945,1500,1918,mr1668,1500,
2051,1601,106.76962,1500,1871,mr1621,1500,
2098,1648,106.84312,1500,1918,mr1668,1500,
2079,1629,106.88254,1500,1899,mr1649,1500,
2079,1629,106.92182,1500,1899,mr1649,1500,
2074,1624,106.9521,1500,1894,mr1644,1500,
2093,1643,107.0159,1500,1913,mr1663,1500,
2037,1587,106.98054,1500,1857,mr1607,1500,
2088,1638,107.03525,1500,1908,mr1658,1500,
2088,1638,107.08976,1500,1908,mr1658,1500,
2056,1606,107.087845,1500,1876,mr1626,1500,
2046,1596,107.06839,1500,1866,mr1616,1500,
2056,1606,107.06651,1500,1876,mr1626,1500,
2088,1638,107.1206,1500,1908,mr1658,1500,
2103,1653,107.20066,1500,1923,mr1673,1500,
2051,1601,107.189865,1500,1871,mr1621,1500,
2074,1624,107.2191,1500,1894,mr1644,1500,
2060,1610,107.22393,1500,1880,mr1630,1500,
2037,1587,107.18888,1500,1857,mr1607,1500,
2056,1606,107.18682,1500,1876,mr1626,1500,
2088,1638,107.24004,1500,1908,mr1658,1500,
2065,1615,107.25342,1500,1885,mr1635,1500,
2079,1629,107.29085,1500,1899,mr1649,1500,
2074,1624,107.31956,1500,1894,mr1644,1500,
2060,1610,107.32415,1500,1880,mr1630,1500,
2056,1606,107.321884,1500,1876,mr1626,1500,
2074,1624,107.350395,1500,1894,mr1644,1500,
2088,1638,107.402695,1500,1908,mr1658,1500,
2065,1615,107.41564,1500,1885,mr1635,1500,
四月 22, 2019 6:20:24 下午 shenshen.han.biosim.utils.UtilLog logInfo
信息: shenshen.han.biosim.position.NewMain1$1
corrupt? 

2060,1610,107.42004,1500,1880,mr1630,1500,
2098,1648,107.48893,1500,1918,mr1668,1500,
2028,1578,107.43895,1500,1848,mr1598,1500,
2074,1624,107.46697,1500,1894,mr1644,1500,
2070,1620,107.488144,1500,1890,mr1640,1500,
2103,1653,107.56489,1500,1923,mr1673,1500,
2070,1620,107.58582,1500,1890,mr1640,1500,
四月 22, 2019 6:20:26 下午 shenshen.han.biosim.utils.UtilLog logInfo
信息: shenshen.han.biosim.position.NewMain1$1
corrupt? 

2088,1638,107.63694,1500,1908,mr1658,1500,
四月 22, 2019 6:20:26 下午 shenshen.han.biosim.utils.UtilLog logInfo
信息: shenshen.han.biosim.position.NewMain1$1
corrupt? 

2070,1620,107.657684,1500,1890,mr1640,1500,
2098,1648,107.72526,1500,1918,mr1668,1500,
2060,1610,107.729065,1500,1880,mr1630,1500,
2065,1615,107.7412,1500,1885,mr1635,1500,
2070,1620,107.761635,1500,1890,mr1640,1500,
2042,1592,107.735405,1500,1862,mr1612,1500,
2060,1610,107.73917,1500,1880,mr1630,1500,
2088,1638,107.789345,1500,1908,mr1658,1500,
2088,1638,107.83936,1500,1908,mr1658,1500,
2070,1620,107.85947,1500,1890,mr1640,1500,
2074,1624,107.8861,1500,1894,mr1644,1500,
2056,1606,107.882996,1500,1876,mr1626,1500,
2079,1629,107.917725,1500,1899,mr1649,1500,
2074,1624,107.94413,1500,1894,mr1644,1500,
2065,1615,107.955696,1500,1885,mr1635,1500,
2056,1606,107.9525,1500,1876,mr1626,1500,
2065,1615,107.96401,1500,1885,mr1635,1500,
2065,1615,107.975494,1500,1885,mr1635,1500,
2079,1629,108.009735,1500,1899,mr1649,1500,
2065,1615,108.0211,1500,1885,mr1635,1500,
2117,1667,108.116844,1500,1937,mr1687,1500,
2098,1648,108.18149,1500,1918,mr1668,1500,
2065,1615,108.19252,1500,1885,mr1635,1500,
2098,1648,108.25683,1500,1918,mr1668,1500,
2070,1620,108.27577,1500,1890,mr1640,1500,
2098,1648,108.33974,1500,1918,mr1668,1500,
2093,1643,108.39546,1500,1913,mr1663,1500,
2065,1615,108.40606,1500,1885,mr1635,1500,
2056,1606,108.40221,1500,1876,mr1626,1500,
四月 22, 2019 6:20:34 下午 shenshen.han.biosim.utils.UtilLog logInfo
信息: shenshen.han.biosim.position.NewMain1$1
corrupt? 

2074,1624,108.42716,1500,1894,mr1644,1500,
2046,1596,108.40731,1500,1866,mr1616,1500,
2098,1648,108.47046,1500,1918,mr1668,1500,
2088,1638,108.51748,1500,1908,mr1658,1500,
2088,1638,108.564354,1500,1908,mr1658,1500,
2093,1643,108.61901,1500,1913,mr1663,1500,
2079,1629,108.651306,1500,1899,mr1649,1500,
2070,1620,108.669266,1500,1890,mr1640,1500,
2084,1634,108.70928,1500,1904,mr1654,1500,
2056,1606,108.70501,1500,1876,mr1626,1500,
2074,1624,108.729095,1500,1894,mr1644,1500,
2079,1629,108.76097,1500,1899,mr1649,1500,
2070,1620,108.77861,1500,1890,mr1640,1500,
2065,1615,108.78837,1500,1885,mr1635,1500,
2074,1624,108.81217,1500,1894,mr1644,1500,
2070,1620,108.82965,1500,1890,mr1640,1500,
2098,1648,108.89076,1500,1918,mr1668,1500,
2074,1624,108.91429,1500,1894,mr1644,1500,
2065,1615,108.92376,1500,1885,mr1635,1500,
2079,1629,108.95493,1500,1899,mr1649,1500,
2088,1638,108.99996,1500,1908,mr1658,1500,
2060,1610,109.00151,1500,1880,mr1630,1500,
2056,1606,108.99687,1500,1876,mr1626,1500,
2098,1648,109.05706,1500,1918,mr1668,1500,
2037,1587,109.02308,1500,1857,mr1607,1500,
2079,1629,109.05381,1500,1899,mr1649,1500,
2079,1629,109.08445,1500,1899,mr1649,1500,
2056,1606,109.07972,1500,1876,mr1626,1500,
2060,1610,109.08113,1500,1880,mr1630,1500,
2079,1629,109.11159,1500,1899,mr1649,1500,
2060,1610,109.11294,1500,1880,mr1630,1500,
2065,1615,109.12192,1500,
1885,mr1635,1500,
2065,1615,109.13086,1500,1885,mr1635,1500,
2098,1648,109.18993,1500,1918,mr1668,1500,
2037,1587,109.156265,1500,1857,mr1607,1500,
2103,1653,109.222694,1500,1923,mr1673,1500,
2093,1643,109.27379,1500,1913,mr1663,1500,
2070,1620,109.28999,1500,1890,mr1640,1500,
2056,1606,109.285034,1500,1876,mr1626,1500,
四月 22, 2019 6:20:45 下午 shenshen.han.biosim.utils.UtilLog logInfo
信息: shenshen.han.biosim.position.NewMain1$1
corrupt? 

2070,1620,109.30117,1500,1890,mr1640,1500,
2051,1601,109.28869,1500,1871,mr1621,1500,
2093,1643,109.3393,1500,1913,mr1663,1500,
2037,1587,109.30581,1500,1857,mr1607,1500,
2084,1634,109.34278,1500,1904,mr1654,1500,
2074,1624,109.364685,1500,1894,mr1644,1500,
2084,1634,109.40146,1500,1904,mr1654,1500,
2065,1615,109.4098,1500,1885,mr1635,1500,
2079,1629,109.43895,1500,1899,mr1649,1500,
2079,1629,109.46802,1500,1899,mr1649,1500,
2056,1606,109.462875,1500,1876,mr1626,1500,
2088,1638,109.50515,1500,1908,mr1658,1500,
2046,1596,109.485176,1500,1866,mr1616,1500,
2065,1615,109.49332,1500,1885,mr1635,1500,
2065,1615,109.50144,1500,1885,mr1635,1500,
2060,1610,109.502174,1500,1880,mr1630,1500,
2070,1620,109.51762,1500,1890,mr1640,1500,
2065,1615,109.525665,1500,1885,mr1635,1500,
2060,1610,109.52636,1500,1880,mr1630,1500,
2037,1587,109.49338,1500,1857,mr1607,1500,
2037,1587,109.460495,1500,1857,mr1607,1500,
2056,1606,109.45544,1500,1876,mr1626,1500,
2056,1606,109.4504,1500,1876,mr1626,1500,
2060,1610,109.4512,1500,1880,mr1630,1500,
2051,1601,109.43892,1500,1871,mr1621,1500,
2070,1620,109.45425,1500,1890,mr1640,1500,
2065,1615,109.46229,1500,1885,mr1635,1500,
2065,1615,109.4703,1500,1885,mr1635,1500,
2056,1606,109.46529,1500,1876,mr1626,1500,
2051,1601,109.45307,1500,1871,mr1621,1500,
2093,1643,109.5014,1500,1913,mr1663,1500,
2065,1615,109.509315,1500,1885,mr1635,1500,
2070,1620,109.52439,1500,1890,mr1640,1500,
2098,1648,109.57959,1500,1918,mr1668,1500,
2074,1624,109.60025,1500,1894,mr1644,1500,
2070,1620,109.61513,1500,1890,mr1640,1500,
2051,1601,109.60282,1500,1871,mr1621,1500,
2051,1601,109.59055,1500,1871,mr1621,1500,
2079,1629,109.6182,1500,1899,mr1649,1500,
2060,1610,109.618744,1500,1880,mr1630,1500,
2051,1601,109.6065,1500,1871,mr1621,1500,
2051,1601,109.59429,1500,1871,mr1621,1500,
2088,1638,109.63453,1500,1908,mr1658,1500,
2088,1638,109.67465,1500,1908,mr1658,1500,
2070,1620,109.68923,1500,1890,mr1640,1500,
2065,1615,109.696724,1500,1885,mr1635,1500,
2060,1610,109.69715,1500,1880,mr1630,1500,
2070,1620,109.71164,1500,1890,mr1640,1500,
2060,1610,109.71204,1500,1880,mr1630,1500,
2131,1681,109.81203,1500,1951,mr1701,1500,
2070,1620,109.826294,1500,1890,mr1640,1500,
2079,1629,109.85311,1500,1899,mr1649,1500,
四月 22, 2019 6:21:00 下午 shenshen.han.biosim.utils.UtilLog logInfo
信息: shenshen.han.biosim.position.NewMain1$1
corrupt? 

2084,1634,109.88684,1500,1904,mr1654,1500,
2098,1648,109.939995,1500,1918,mr1668,1500,
2112,1662,110.012505,1500,1932,mr1682,1500,
2060,1610,110.01248,1500,1880,mr1630,1500,
2088,1638,110.05135,1500,1908,mr1658,1500,
2093,1643,110.09705,1500,1913,mr1663,1500,
2088,1638,110.135704,1500,1908,mr1658,1500,
2084,1634,110.16871,1500,1904,mr1654,1500,
2084,1634,110.20162,1500,1904,mr1654,1500,
2088,1638,110.23997,1500,1908,mr1658,1500,
2037,1587,110.207954,1500,1857,mr1607,1500,
2079,1629,110.2338,1500,1899,mr1649,1500,
2070,1620,110.24722,1500,1890,mr1640,1500,
2084,1634,110.2798,1500,1904,mr1654,1500,
2032,1582,110.241066,1500,1852,mr1602,1500,
2060,1610,110.24073,1500,1880,mr1630,1500,
2032,1582,110.202156,1500,1852,mr1602,1500,
2079,1629,110.2278,1500,1899,mr1649,1500,
2074,1624,110.24656,1500,1894,mr1644,1500,
2070,1620,110.259834,1500,1890,mr1640,1500,
2074,1624,110.2785,1500,1894,mr1644,1500,
2060,1610,110.27812,1500,1880,mr1630,1500,
2070,1620,110.2913,1500,1890,mr1640,1500,
2074,1624,110.309845,1500,1894,mr1644,1500,
2070,1620,110.322945,1500,1890,mr1640,1500,
2088,1638,110.36029,1500,1908,mr1658,1500,
2037,1587,110.32881,1500,1857,mr1607,1500,
2084,1634,110.36067,1500,1904,mr1654,1500,
2079,1629,110.38572,1500,1899,mr1649,1500,
2060,1610,110.3852,1500,1880,mr1630,1500,
2112,1662,110.45439,1500,1932,mr1682,1500,
2032,1582,110.4163,1500,1852,mr1602,1500,
2046,1596,110.397026,1500,1866,mr1616,1500,
2112,1662,110.46593,1500,1932,mr1682,1500,
2070,1620,110.47864,1500,1890,mr1640,1500,
2084,1634,110.50996,1500,1904,mr1654,1500,
2051,1601,110.49731,1500,1871,mr1621,1500,
2046,1596,110.47806,1500,1866,mr1616,1500,
2074,1624,110.49599,1500,1894,mr1644,1500,
2079,1629,110.5205,1500,1899,mr1649,1500,
2060,1610,110.51981,1500,1880,mr1630,1500,
2084,1634,110.55083,1500,1904,mr1654,1500,
2051,1601,110.53823,1500,1871,mr1621,1500,
2060,1610,110.53752,1500,1880,mr1630,1500,
2051,1601,110.52497,1500,1871,mr1621,1500,
2070,1620,110.53742,1500,1890,mr1640,1500,
2056,1606,110.53146,1500,1876,mr1626,1500,
2103,1653,110.58713,1500,1923,mr1673,1500,
2056,1606,110.58112,1500,1876,mr1626,1500,
2074,1624,110.59866,1500,1894,mr1644,1500,
2074,1624,110.61616,1500,1894,mr1644,1500,
2051,1601,110.60362,1500,1871,mr1621,1500,
2070,1620,110.61585,1500,1890,mr1640,1500,
2074,1624,110.63326,1500,1894,mr1644,1500,
2074,1624,110.65062,1500,1894,mr1644,1500,
2093,1643,110.69257,1500,1913,mr1663,1500,
2056,1606,110.6865,1500,1876,mr1626,1500,
2070,1620,110.69855,1500,1890,mr1640,1500,
2074,1624,110.71573,1500,1894,mr1644,1500,
2028,1578,110.673515,1500,1848,mr1598,1500,
2056,1606,110.667496,1500,1876,mr1626,1500,
2074,1624,110.684654,1500,1894,mr1644,1500,
2060,1610,110.68378,1500,1880,mr1630,1500,
2074,1624,110.70087,1500,1894,mr1644,1500,
2074,1624,110.71792,1500,1894,mr1644,1500,
2088,1638,110.75285,1500,1908,mr1658,1500,
2070,1620,110.76468,1500,1890,mr1640,1500,
2074,1624,110.78158,1500,1894,mr1644,1500,
2065,1615,110.78696,1500,1885,mr1635,1500,
2065,1615,110.79233,1500,1885,mr1635,1500,
2065,1615,110.79768,1500,1885,mr1635,1500,
2074,1624,110.81445,1500,1894,mr1644,1500,
2079,1629,110.83753,1500,1899,mr1649,1500,
2056,1606,110.831406,1500,1876,mr1626,1500,
2088,1638,110.86579,1500,1908,mr1658,1500,
2093,1643,110.90642,1500,1913,mr1663,1500,
2093,1643,110.94694,1500,1913,mr1663,1500,
2065,1615,110.95205,1500,1885,mr1635,1500,
2060,1610,110.95085,1500,1880,mr1630,1500,
2098,1648,110.99745,1500,1918,mr1668,1500,
2051,1601,110.98489,1500,1871,mr1621,1500,
2079,1629,111.0075,1500,1899,mr1649,1500,
2065,1615,111.012505,1500,1885,mr1635,1500,
2070,1620,111.02375,1500,1890,mr1640,1500,
2074,1624,111.03997,1500,1894,mr1644,1500,
2070,1620,111.051155,1500,1890,mr1640,1500,
2070,1620,111.06232,1500,1890,mr1640,1500,
2060,1610,111.06099,1500,1880,mr1630,1500,
2060,1610,111.05967,1500,1880,mr1630,1500,
2051,1601,111.04717,1500,1871,mr1621,1500,
2032,1582,111.01114,1500,1852,mr1602,1500,
2042,1592,110.98758,1500,1862,mr1612,1500,
2088,1638,111.02101,1500,1908,mr1658,1500,
2046,1596,111.00244,1500,1866,mr1616,1500,
2046,1596,110.983925,1500,1866,mr1616,1500,
2084,1634,111.0123,1500,1904,mr1654,1500,
2056,1606,111.00613,1500,1876,mr1626,1500,
2079,1629,111.02826,1500,1899,mr1649,1500,
2056,1606,111.02209,1500,1876,mr1626,1500,
2056,1606,111.01592,1500,1876,mr1626,1500,
2056,1606,111.00977,1500,1876,mr1626,1500,
2074,1624,111.02567,1500,1894,mr1644,1500,
2056,1606,111.01953,1500,1876,mr1626,1500,
2037,1587,110.990204,1500,1857,mr1607,1500,
2070,1620,111.00119,1500,1890,mr1640,1500,
2098,1648,111.04626,1500,1918,mr1668,1500,
2056,1606,111.040115,1500,1876,mr1626,1500,
2070,1620,111.051,1500,1890,mr1640,1500,
2074,1624,111.06672,1500,1894,mr1644,1500,
2037,1587,111.037544,1500,1857,mr1607,1500,
2084,1634,111.065346,1500,1904,mr1654,1500,
2065,1615,111.07011,1500,1885,mr1635,1500,
2088,1638,111.10263,1500,1908,mr1658,1500,
2070,1620,111.11336,1500,1890,mr1640,1500,
2056,1606,111.1072,1500,1876,mr1626,1500,
2079,1629,111.12873,1500,1899,mr1649,1500,
2070,1620,111.1394,1500,1890,mr1640,1500,
2051,1601,111.12722,1500,1871,mr1621,1500,
2065,1615,111.13187,1500,1885,mr1635,1500,
2056,1606,111.12572,1500,1876,mr1626,1500,
2037,1587,111.09686,1500,1857,mr1607,1500,
2056,1606,111.090775,1500,1876,mr1626,1500,
2046,1596,111.07276,1500,1866,mr1616,1500,
2070,1620,111.083405,1500,1890,mr1640,1500,
2060,1610,111.082115,1500,1880,mr1630,1500,
2060,1610,111.080826,1500,1880,mr1630,1500,
2074,1624,111.09617,1500,1894,mr1644,1500,
2070,1620,111.106735,1500,1890,mr1640,1500,
2070,1620,111.11727,1500,1890,mr1640,1500,
2046,1596,111.09938,1500,1866,mr1616,1500,
2065,1615,111.10399,1500,1885,mr1635,1500,
2056,1606,111.09797,1500,1876,mr1626,1500,
2070,1620,111.10846,1500,1890,mr1640,1500,
2065,1615,111.113045,1500,1885,mr1635,1500,
2056,1606,111.10703,1500,1876,mr1626,1500,
2060,1610,111.10573,1500,1880,mr1630,1500,
2037,1587,111.07744,1500,1857,mr1607,1500,
2051,1601,111.06562,1500,1871,mr1621,1500,
2046,1596,111.04798,1500,1866,mr1616,1500,
2046,1596,111.03038,1500,1866,mr1616,1500,
2037,1587,111.00231,1500,1857,mr1607,1500,
2056,1606,110.996475,1500,1876,mr1626,1500,
2060,1610,110.99531,1500,1880,mr1630,1500,
2079,1629,111.01627,1500,1899,mr1649,1500,
2060,1610,111.01509,1500,1880,mr1630,1500,
2070,1620,111.02553,1500,1890,mr1640,1500,
2084,1634,111.05218,1500,1904,mr1654,1500,
2065,1615,111.056755,1500,1885,mr1635,1500,
2084,1634,111.083305,1500,1904,mr1654,1500,
2051,1601,111.07165,1500,1871,mr1621,1500,
2060,1610,111.07041,1500,1880,mr1630,1500,
2051,1601,111.0588,1500,1871,mr1621,1500,
2051,1601,111.04721,1500,1871,mr1621,1500,
2065,1615,111.05176,1500,1885,mr1635,1500,
2060,1610,111.050545,1500,1880,mr1630,1500,
2093,1643,111.08723,1500,1913,mr1663,1500,
2065,1615,111.09171,1500,1885,mr1635,1500,
2056,1606,111.085884,1500,1876,mr1626,1500,
2074,1624,111.10066,1500,1894,mr1644,1500,
2065,1615,111.10512,1500,1885,mr1635,1500,
2065,1615,111.109566,1500,1885,mr1635,1500,
2037,1587,111.08207,1500,1857,mr1607,1500,
2060,1610,111.08084,1500,1880,mr1630,1500,
2074,1624,111.095535,1500,1894,mr1644,1500,
2056,1606,111.089745,1500,1876,mr1626,1500,
2074,1624,111.1044,1500,1894,mr1644,1500,
2060,1610,111.10315,1500,1880,mr1630,1500,
2084,1634,111.12908,1500,1904,mr1654,1500,
2074,1624,111.14364,1500,1894,mr1644,1500,
2056,1606,111.137825,1500,1876,mr1626,1500,
2088,1638,111.168144,1500,1908,mr1658,1500,
2074,1624,111.18261,1500,1894,mr1644,1500,
2079,1629,111.202675,1500,1899,mr1649,1500,
2084,1634,111.22832,1500,1904,mr1654,1500,
2070,1620,111.238174,1500,1890,mr1640,1500,
2046,1596,111.22108,1500,1866,mr1616,1500,
2056,1606,111.21522,1500,1876,mr1626,1500,
2065,1615,111.21946,1500,1885,mr1635,1500,
2065,1615,111.22369,1500,1885,mr1635,1500,
2065,1615,111.227905,1500,1885,mr1635,1500,
2079,1629,111.24774,1500,1899,mr1649,1500,
2060,1610,111.24635,1500,1880,mr1630,1500,
2074,1624,111.26055,1500,1894,mr1644,1500,
四月 22, 2019 6:21:51 下午 shenshen.han.biosim.utils.UtilLog logInfo
信息: shenshen.han.biosim.position.NewMain1$1
corrupt? 

2074,1624,111.27473,1500,1894,mr1644,1500,
2056,1606,111.26886,1500,1876,mr1626,1500,
2037,1587,111.24193,1500,1857,mr1607,1500,
2074,1624,111.25607,1500,1894,mr1644,1500,
2056,1606,111.25025,1500,1876,mr1626,1500,
2060,1610,111.24887,1500,1880,mr1630,1500,
2084,1634,111.27401,1500,1904,mr1654,1500,
2046,1596,111.25715,1500,1866,mr1616,1500,
2093,1643,111.292145,1500,1913,mr1663,1500,
2056,1606,111.286316,1500,1876,mr1626,1500,
2056,1606,111.2805,1500,1876,mr1626,1500,
2051,1601,111.2692,1500,1871,mr1621,1500,
2056,1606,111.26342,1500,1876,mr1626,1500,
2060,1610,111.26204,1500,1880,mr1630,1500,
2065,1615,111.26613,1500,1885,mr1635,1500,
2084,1634,111.291,1500,1904,mr1654,1500,
2074,1624,111.30489,1500,1894,mr1644,1500,
2070,1620,111.314384,1500,1890,mr1640,1500,
2065,1615,111.318405,1500,1885,mr1635,1500,
2093,1643,111.35291,1500,1913,mr1663,1500,
2042,1592,111.331856,1500,1862,mr1612,1500,
2084,1634,111.3565,1500,1904,mr1654,1500,
2070,1620,111.36588,1500,1890,mr1640,1500,
2060,1610,111.3644,1500,1880,mr1630,1500,
2065,1615,111.36834,1500,1885,mr1635,1500,
2065,1615,111.37227,1500,1885,mr1635,1500,
2074,1624,111.38592,1500,1894,mr1644,1500,
2070,1620,111.395226,1500,1890,mr1640,1500,
2060,1610,111.393715,1500,1880,mr1630,1500,
2065,1615,111.397606,1500,1885,mr1635,1500,
2046,1596,111.38103,1500,1866,mr1616,1500,
2065,1615,111.38492,1500,1885,mr1635,1500,
2056,1606,111.379135,1500,1876,mr1626,1500,
2079,1629,111.39804,1500,1899,mr1649,1500,
2051,1601,111.3869,1500,1871,mr1621,1500,
