2018,1568,71.09732,1500,1838,mr1588,1500,
2013,1563,71.061646,1500,1833,mr1583,1500,
2018,1568,71.04822,1500,1838,mr1588,1500,
2023,1573,71.05674,1500,1843,mr1593,1500,
2023,1573,71.065186,1500,1843,mr1593,1500,
2004,1554,70.99131,1500,1824,mr1574,1500,
1999,1549,70.896515,1500,1819,mr1569,1500,
1995,1545,70.78538,1500,1815,mr1565,1500,
2042,1592,70.87604,1500,1862,mr1612,1500,
2023,1573,70.88507,1500,1843,mr1593,1500,
2028,1578,70.91522,1500,1848,mr1598,1500,
2023,1573,70.92402,1500,1843,mr1593,1500,
2037,1587,70.99156,1500,1857,mr1607,1500,
2037,1587,71.05855,1500,1857,mr1607,1500,
2042,1592,71.1458,1500,1862,mr1612,1500,
2037,1587,71.211586,1500,1857,mr1607,1500,
2023,1573,71.21898,1500,1843,mr1593,1500,
2013,1563,71.18515,1500,1833,mr1583,1500,
2009,1559,71.135216,1500,1829,mr1579,1500,
2023,1573,71.14282,1500,1843,mr1593,1500,
2028,1578,71.1707,1500,1848,mr1598,1500,
2018,1568,71.15786,1500,1838,mr1588,1500,
2023,1573,71.16529,1500,1843,mr1593,1500,
2046,1596,71.26503,1500,1866,mr1616,1500,
2013,1563,71.23197,1500,1833,mr1583,1500,
2004,1554,71.163315,1500,1824,mr1574,1500,
1995,1545,71.059494,1500,1815,mr1565,1500,
2037,1587,71.1225,1500,1857,mr1607,1500,
2065,1615,71.29524,1500,1885,mr1635,1500,
2037,1587,71.356834,1500,1857,mr1607,1500,
1999,1549,71.2695,1500,1819,mr1569,1500,
2032,1582,71.31126,1500,1852,mr1602,1500,
2004,1554,71.244156,1500,1824,mr1574,1500,
1999,1549,71.15827,1500,1819,mr1569,1500,
2004,1554,71.09228,1500,1824,mr1574,1500,
2023,1573,71.09959,1500,1843,mr1593,1500,
2028,1578,71.12592,1500,1848,mr1598,1500,
2032,1582,71.167274,1500,1852,mr1602,1500,
2028,1578,71.19316,1500,1848,mr1598,1500,
2009,1559,71.14715,1500,1829,mr1579,1500,
2032,1582,71.18795,1500,1852,mr1602,1500,
2018,1568,71.17601,1500,1838,mr1588,1500,
2013,1563,71.1455,1500,1833,mr1583,1500,
2004,1554,71.081764,1500,1824,mr1574,1500,
2042,1592,71.15924,1500,1862,mr1612,1500,
2051,1601,71.26935,1500,1871,mr1621,1500,
2032,1582,71.3088,1500,1852,mr1602,1500,
2032,1582,71.34796,1500,1852,mr1602,1500,
2032,1582,71.38684,1500,1852,mr1602,1500,
1990,1540,71.272705,1500,1810,mr1560,1500,
2009,1559,71.22824,1500,1829,mr1579,1500,
2009,1559,71.1841,1500,1829,mr1579,1500,
2009,1559,71.14027,1500,1829,mr1579,1500,
2037,1587,71.19711,1500,1857,mr1607,1500,
2032,1582,71.235695,1500,1852,mr1602,1500,
2023,1573,71.241974,1500,1843,mr1593,1500,
2023,1573,71.24821,1500,1843,mr1593,1500,
2023,1573,71.254395,1500,1843,mr1593,1500,
2028,1578,71.278145,1500,1848,mr1598,1500,
1995,1545,71.185936,1500,1815,mr1565,1500,
2032,1582,71.22375,1500,1852,mr1602,1500,
2023,1573,71.229935,1500,1843,mr1593,1500,
2032,1582,71.267334,1500,1852,mr1602,1500,
2004,1554,71.20759,1500,1824,mr1574,1500,
2028,1578,71.23101,1500,1848,mr1598,1500,
2013,1563,71.20272,1500,1833,mr1583,1500,
2009,1559,71.160934,1500,1829,mr1579,1500,
1995,1545,71.07165,1500,1815,mr1565,1500,
2032,1582,71.10882,1500,1852,mr1602,1500,
2018,1568,71.09828,1500,1838,mr1588,1500,
2042,1592,71.16889,1500,1862,mr1612,1500,
2009,1559,71.12792,1500,1829,mr1579,1500,
2018,1568,71.117424,1500,1838,mr1588,1500,
2037,1587,71.17054,1500,1857,mr1607,1500,
2013,1563,71.14331,1500,1833,mr1583,1500,
2018,1568,71.132866,1500,1838,mr1588,1500,
2023,1573,71.139046,1500,1843,mr1593,1500,
2074,1624,71.31351,1500,1894,mr1644,1500,
1999,1549,71.240105,1500,1819,mr1569,1500,
2028,1578,71.26227,1500,1848,mr1598,1500,
2056,1606,71.37579,1500,1876,mr1626,1500,
2046,1596,71.456,1500,1866,mr1616,1500,
2028,1578,71.47725,1500,1848,mr1598,1500,
2037,1587,71.52748,1500,1857,mr1607,1500,
1976,1526,71.38062,1500,1796,mr1546,1500,
1995,1545,71.29579,1500,1815,mr1565,1500,
1999,1549,71.22433,1500,1819,mr1569,1500,
2042,1592,71.2907,1500,1862,mr1612,1500,
2032,1582,71.32481,1500,1852,mr1602,1500,
2028,1578,71.34599,1500,1848,mr1598,1500,
2023,1573,71.35123,1500,1843,mr1593,1500,
2018,1568,71.34066,1500,1838,mr1588,1500,
2023,1573,71.34588,1500,1843,mr1593,1500,
2018,1568,71.335396,1500,1838,mr1588,1500,
2032,1582,71.36873,1500,1852,mr1602,1500,
2032,1582,71.40185,1500,1852,mr1602,1500,
2032,1582,71.43476,1500,1852,mr1602,1500,
2018,1568,71.424126,1500,1838,mr1588,1500,
2023,1573,71.428986,1500,1843,mr1593,1500,
2023,1573,71.43382,1500,1843,mr1593,1500,
1990,1540,71.3374,1500,1810,mr1560,1500,
2032,1582,71.37001,1500,1852,mr1602,1500,
2004,1554,71.317055,1500,1824,mr1574,1500,
2042,1592,71.37992,1500,1862,mr1612,1500,
2032,1582,71.4121,1500,1852,mr1602,1500,
2023,1573,71.4169,1500,1843,mr1593,1500,
2013,1563,71.39155,1500,1833,mr1583,1500,
2042,1592,71.45344,1500,1862,mr1612,1500,
2060,1610,71.56885,1500,1880,mr1630,1500,
1995,1545,71.48954,1500,1815,mr1565,1500,
2023,1573,71.49403,1500,1843,mr1593,1500,
2023,1573,71.498505,1500,1843,mr1593,1500,
2009,1559,71.461525,1500,1829,mr1579,1500,
2046,1596,71.53391,1500,1866,mr1616,1500,
2037,1587,71.5794,1500,1857,mr1607,1500,
2032,1582,71.60996,1500,1852,mr1602,1500,
2009,1559,71.5731,1500,1829,mr1579,1500,
2023,1573,71.57726,1500,1843,mr1593,1500,
2032,1582,71.60757,1500,1852,mr1602,1500,
2009,1559,71.57102,1500,1829,mr1579,1500,
2009,1559,71.53469,1500,1829,mr1579,1500,
2032,1582,71.56485,1500,1852,mr1602,1500,
2060,1610,71.67529,1500,1880,mr1630,1500,
2037,1587,71.7192,1500,1857,mr1607,1500,
2023,1573,71.722855,1500,1843,mr1593,1500,
2028,1578,71.74074,1500,1848,mr1598,1500,
2037,1587,71.78409,1500,1857,mr1607,1500,
1990,1540,71.69405,1500,1810,mr1560,1500,
2032,1582,71.72317,1500,1852,mr1602,1500,
1967,1517,71.56902,1500,1787,mr1537,1500,
2028,1578,71.58709,1500,1848,mr1598,1500,
2004,1554,71.53783,1500,1824,mr1574,1500,
2042,1592,71.594986,1500,1862,mr1612,1500,
四月 22, 2019 6:16:42 下午 shenshen.han.biosim.utils.UtilLog logInfo
信息: shenshen.han.biosim.position.NewMain1$1
corrupt? 

2032,1582,71.62397,1500,1852,mr1602,1500,
2046,1596,71.69168,1500,1866,mr1616,1500,
2023,1573,71.695305,1500,1843,mr1593,1500,
2028,1578,71.71272,1500,1848,mr1598,1500,
2056,1606,71.80718,1500,1876,mr1626,1500,
2009,1559,71.772,1500,1829,mr1579,1500,
2037,1587,71.81373,1500,1857,mr1607,1500,
2018,1568,71.803314,1500,1838,mr1588,1500,
2042,1592,71.858345,1500,1862,mr1612,1500,
2046,1596,71.92394,1500,1866,mr1616,1500,
2018,1568,71.91331,1500,1838,mr1588,1500,
2028,1578,71.929756,1500,1848,mr1598,1500,
2023,1573,71.93264,1500,1843,mr1593,1500,
1990,1540,71.8468,1500,1810,mr1560,1500,
2018,1568,71.83649,1500,1838,mr1588,1500,
1985,1535,71.73799,1500,1805,mr1555,1500,
2023,1573,71.741356,1500,1843,mr1593,1500,
2004,1554,71.69417,1500,1824,mr1574,1500,
2079,1629,71.846176,1500,1899,mr1649,1500,
2018,1568,71.836,1500,1838,mr1588,1500,
2023,1573,71.83907,1500,1843,mr1593,1500,
2032,1582,71.86581,1500,1852,mr1602,1500,
2018,1568,71.85566,1500,1838,mr1588,1500,
1999,1549,71.79583,1500,1819,mr1569,1500,
1999,1549,71.73631,1500,1819,mr1569,1500,
2037,1587,71.77606,1500,1857,mr1607,1500,
2042,1592,71.82859,1500,1862,mr1612,1500,
2056,1606,71.91712,1500,1876,mr1626,1500,
2023,1573,71.91992,1500,1843,mr1593,1500,
2028,1578,71.93559,1500,1848,mr1598,1500,
2032,1582,71.961464,1500,1852,mr1602,1500,
2004,1554,71.91541,1500,1824,mr1574,1500,
2032,1582,71.94121,1500,1852,mr1602,1500,
2023,1573,71.94391,1500,1843,mr1593,1500,
2028,1578,71.95932,1500,1848,mr1598,1500,
2032,1582,71.98481,1500,1852,mr1602,1500,
2037,1587,72.02283,1500,1857,mr1607,1500,
2042,1592,72.07328,1500,1862,mr1612,1500,
2032,1582,72.09829,1500,1852,mr1602,1500,
2042,1592,72.14829,1500,1862,mr1612,1500,
1990,1540,72.06772,1500,1810,mr1560,1500,
2009,1559,72.03505,1500,1829,mr1579,1500,
2037,1587,72.072365,1500,1857,mr1607,1500,
2013,1563,72.0498,1500,1833,mr1583,1500,
2009,1559,72.01741,1500,1829,mr1579,1500,
2023,1573,72.019844,1500,1843,mr1593,1500,
2018,1568,72.00992,1500,1838,mr1588,1500,
2051,1601,72.08132,1500,1871,mr1621,1500,
2018,1568,72.0713,1500,1838,mr1588,1500,
2037,1587,72.10789,1500,1857,mr1607,1500,
2028,1578,72.12229,1500,1848,mr1598,1500,
2042,1592,72.17078,1500,1862,mr1612,1500,
2046,1596,72.22875,1500,1866,mr1616,1500,
2009,1559,72.19665,1500,1829,mr1579,1500,
2018,1568,72.186485,1500,1838,mr1588,1500,
2004,1554,72.142555,1500,1824,mr1574,1500,
1999,1549,72.08679,1500,1819,mr1569,1500,
2028,1578,72.101006,1500,1848,mr1598,1500,
2009,1559,72.06959,1500,1829,mr1579,1500,
1999,1549,72.0144,1500,1819,mr1569,1500,
2004,1554,71.971405,1500,1824,mr1574,1500,
2060,1610,72.06195,1500,1880,mr1630,1500,
2009,1559,72.03092,1500,1829,mr1579,1500,
1990,1540,71.95502,1500,1810,mr1560,1500,
2023,1573,71.95749,1500,1843,mr1593,1500,
2037,1587,71.992966,1500,1857,mr1607,1500,
1999,1549,71.938866,1500,1819,mr1569,1500,
2004,1554,71.89675,1500,1824,mr1574,1500,
2018,1568,71.88763,1500,1838,mr1588,1500,
2013,1563,71.86686,1500,1833,mr1583,1500,
2028,1578,71.88116,1500,1848,mr1598,1500,
2037,1587,71.91631,1500,1857,mr1607,1500,
2023,1573,71.91883,1500,1843,mr1593,1500,
1999,1549,71.865776,1500,1819,mr1569,1500,
2032,1582,71.88918,1500,1852,mr1602,1500,
2028,1578,71.90326,1500,1848,mr1598,1500,
2023,1573,71.90578,1500,1843,mr1593,1500,
2046,1596,71.961044,1500,1866,mr1616,1500,
2018,1568,71.95198,1500,1838,mr1588,1500,
2056,1606,72.02972,1500,1876,mr1626,1500,
2028,1578,72.04331,1500,1848,mr1598,1500,
2018,1568,72.03412,1500,1838,mr1588,1500,
1999,1549,71.98189,1500,1819,mr1569,1500,
2037,1587,72.01586,1500,1857,mr1607,1500,
2013,1563,71.995514,1500,1833,mr1583,1500,
