2379,1929,161.16667,1750,2199,mr1949,1750,
2389,1939,165.14285,1750,2209,mr1959,1750,
2304,1854,157.5,1750,2124,mr1874,1750,
2403,1953,162.55556,1750,2223,mr1973,1750,
2365,1915,162.8,1750,2185,mr1935,1750,
2328,1878,159.63637,1750,2148,mr1898,1750,
2328,1878,157.0,1750,2148,mr1898,1750,
2365,1915,157.61539,1750,2185,mr1935,1750,
2356,1906,157.5,1750,2176,mr1926,1750,
2393,1943,159.86667,1750,2213,mr1963,1750,
2356,1906,159.625,1750,2176,mr1926,1750,
2379,1929,160.76471,1750,2199,mr1949,1750,
2346,1896,159.94444,1750,2166,mr1916,1750,
2365,1915,160.21053,1750,2185,mr1935,1750,
2389,1939,161.65,1750,2209,mr1959,1750,
2370,1920,162.04762,1750,2190,mr1940,1750,
2351,1901,161.54546,1750,2171,mr1921,1750,
2351,1901,161.08696,1750,2171,mr1921,1750,
2351,1901,160.66667,1750,2171,mr1921,1750,
2351,1901,160.28,1750,2171,mr1921,1750,
2346,1896,159.73077,1750,2166,mr1916,1750,
2384,1934,160.62962,1750,2204,mr1954,1750,
2351,1901,160.28572,1750,2171,mr1921,1750,
2356,1906,160.13792,1750,2176,mr1926,1750,
2379,1929,160.76666,1750,2199,mr1949,1750,
2346,1896,160.29033,1750,2166,mr1916,1750,
2346,1896,159.84375,1750,2166,mr1916,1750,
2375,1925,160.30302,1750,2195,mr1945,1750,
2365,1915,160.44118,1750,2185,mr1935,1750,
2384,1934,161.11429,1750,2204,mr1954,1750,
2332,1882,160.30556,1750,2152,mr1902,1750,
2351,1901,160.05405,1750,2171,mr1921,1750,
2365,1915,160.1842,1750,2185,mr1935,1750,
2361,1911,160.20512,1750,2181,mr1931,1750,
2375,1925,160.575,1750,2195,mr1945,1750,
2342,1892,160.12195,1750,2162,mr1912,1750,
2384,1934,160.69048,1750,2204,mr1954,1750,
2361,1911,160.69768,1750,2181,mr1931,1750,
2393,1943,161.43182,1750,2213,mr1963,1750,
2346,1896,161.08888,1750,2166,mr1916,1750,
2365,1915,161.1739,1750,2185,mr1935,1750,
2365,1915,161.25531,1750,2185,mr1935,1750,
2342,1892,160.85416,1750,2162,mr1912,1750,
2356,1906,160.7551,1750,2176,mr1926,1750,
2370,1920,160.93999,1750,2190,mr1940,1750,
2370,1920,161.11765,1750,2190,mr1940,1750,
2370,1920,161.28847,1750,2190,mr1940,1750,
2398,1948,161.98112,1750,2218,mr1968,1750,
2384,1934,162.38889,1750,2204,mr1954,1750,
2398,1948,163.03636,1750,2218,mr1968,1750,
2337,1887,162.57143,1750,2157,mr1907,1750,
2398,1948,163.19298,1750,2218,mr1968,1750,
2384,1934,163.55173,1750,2204,mr1954,1750,
2384,1934,163.8983,1750,2204,mr1954,1750,
2346,1896,163.6,1750,2166,mr1916,1750,
2365,1915,163.62296,1750,2185,mr1935,1750,
2398,1948,164.17741,1750,2218,mr1968,1750,
2370,1920,164.26984,1750,2190,mr1940,1750,
2351,1901,164.0625,1750,2171,mr1921,1750,
2356,1906,163.93846,1750,2176,mr1926,1750,
2384,1934,164.24243,1750,2204,mr1954,1750,
2370,1920,164.32835,1750,2190,mr1940,1750,
2351,1901,164.13235,1750,2171,mr1921,1750,
