2548,2098,95.71429,2000,2378,mr2128,2000,
2533,2083,94.125,2000,2363,mr2113,2000,
2533,2083,92.888885,2000,2363,mr2113,2000,
2543,2093,92.9,2000,2373,mr2123,2000,
2524,2074,91.181816,2000,2354,mr2104,2000,
2519,2069,89.333336,2000,2349,mr2099,2000,
2538,2088,89.23077,2000,2368,mr2118,2000,
2538,2088,89.14286,2000,2368,mr2118,2000,
2557,2107,90.333336,2000,2387,mr2137,2000,
2538,2088,90.1875,2000,2368,mr2118,2000,
2543,2093,90.35294,2000,2373,mr2123,2000,
2538,2088,90.22222,2000,2368,mr2118,2000,
2524,2074,89.36842,2000,2354,mr2104,2000,
2543,2093,89.55,2000,2373,mr2123,2000,
2548,2098,89.95238,2000,2378,mr2128,2000,
2548,2098,90.31818,2000,2378,mr2128,2000,
2533,2083,90.0,2000,2363,mr2113,2000,
2515,2065,88.958336,2000,2345,mr2095,2000,
2543,2093,89.12,2000,2373,mr2123,2000,
2519,2069,88.34615,2000,2349,mr2099,2000,
2557,2107,89.03704,2000,2387,mr2137,2000,
2566,2116,90.0,2000,2396,mr2146,2000,
2548,2098,90.27586,2000,2378,mr2128,2000,
2562,2112,91.0,2000,2392,mr2142,2000,
2548,2098,91.22581,2000,2378,mr2128,2000,
2538,2088,91.125,2000,2368,mr2118,2000,
四月 22, 2019 6:24:14 下午 shenshen.han.biosim.utils.UtilLog logInfo
信息: shenshen.han.biosim.position.NewMain1$1
corrupt? 

2548,2098,91.333336,2000,2378,mr2128,2000,
2529,2079,90.97059,2000,2359,mr2109,2000,
2529,2079,90.62857,2000,2359,mr2109,2000,
2533,2083,90.416664,2000,2363,mr2113,2000,
2524,2074,89.97298,2000,2354,mr2104,2000,
2543,2093,90.052635,2000,2373,mr2123,2000,
2571,2121,90.84616,2000,2401,mr2151,2000,
2548,2098,91.02501,2000,2378,mr2128,2000,
2533,2083,90.82928,2000,2363,mr2113,2000,
2571,2121,91.54762,2000,2401,mr2151,2000,
2562,2112,92.02326,2000,2392,mr2142,2000,
2548,2098,92.159096,2000,2378,mr2128,2000,
2548,2098,92.28889,2000,2378,mr2128,2000,
2533,2083,92.08696,2000,2363,mr2113,2000,
2557,2107,92.40426,2000,2387,mr2137,2000,
2557,2107,92.708336,2000,2387,mr2137,2000,
2571,2121,93.28571,2000,2401,mr2151,2000,
2557,2107,93.56,2000,2387,mr2137,2000,
2557,2107,93.82353,2000,2387,mr2137,2000,
2548,2098,93.90385,2000,2378,mr2128,2000,
2552,2102,94.0566,2000,2382,mr2132,2000,
2552,2102,94.203705,2000,2382,mr2132,2000,
2580,2130,94.854546,2000,2410,mr2160,2000,
2566,2116,95.23214,2000,2396,mr2146,2000,
2571,2121,95.68421,2000,2401,mr2151,2000,
2533,2083,95.465515,2000,2363,mr2113,2000,
2533,2083,95.254234,2000,2363,mr2113,2000,
2552,2102,95.36667,2000,2382,mr2132,2000,
2552,2102,95.47541,2000,2382,mr2132,2000,
2566,2116,95.80645,2000,2396,mr2146,2000,
2571,2121,96.20635,2000,2401,mr2151,2000,
四月 22, 2019 6:24:22 下午 shenshen.han.biosim.utils.UtilLog logInfo
信息: shenshen.han.biosim.position.NewMain1$1
corrupt? 

2566,2116,96.515625,2000,2396,mr2146,2000,
2543,2093,96.46154,2000,2373,mr2123,2000,
2604,2154,97.333336,2000,2434,mr2184,2000,
2552,2102,97.402985,2000,2382,mr2132,2000,
2576,2126,97.82353,2000,2406,mr2156,2000,
2529,2079,97.55073,2000,2359,mr2109,2000,
2566,2116,97.814285,2000,2396,mr2146,2000,
2599,2149,98.53521,2000,2429,mr2179,2000,
2557,2107,98.65278,2000,2387,mr2137,2000,
2557,2107,98.76712,2000,2387,mr2137,2000,
2571,2121,99.067566,2000,2401,mr2151,2000,
2562,2112,99.24,2000,2392,mr2142,2000,
2552,2102,99.27631,2000,2382,mr2132,2000,
2562,2112,99.44156,2000,2392,mr2142,2000,
2571,2121,99.71795,2000,2401,mr2151,2000,
2576,2126,100.05064,2000,2406,mr2156,2000,
2585,2135,100.4875,2000,2415,mr2165,2000,
2594,2144,101.02469,2000,2424,mr2174,2000,
2538,2088,100.86585,2000,2368,mr2118,2000,
2552,2102,100.87952,2000,2382,mr2132,2000,
2571,2121,101.11905,2000,2401,mr2151,2000,
2557,2107,101.18823,2000,2387,mr2137,2000,
2552,2102,101.19768,2000,2382,mr2132,2000,
2571,2121,101.425285,2000,2401,mr2151,2000,
2576,2126,101.704544,2000,2406,mr2156,2000,
2580,2130,102.02247,2000,2410,mr2160,2000,
2580,2130,102.333336,2000,2410,mr2160,2000,
2571,2121,102.53846,2000,2401,mr2151,2000,
2571,2121,102.73913,2000,2401,mr2151,2000,
2571,2121,102.935486,2000,2401,mr2151,2000,
2543,2093,102.82979,2000,2373,mr2123,2000,
2548,2098,102.778946,2000,2378,mr2128,2000,
2552,2102,102.770836,2000,2382,mr2132,2000,
2571,2121,102.95876,2000,2401,mr2151,2000,
2566,2116,103.091835,2000,2396,mr2146,2000,
2552,2102,103.08081,2000,2382,mr2132,2000,
2576,2126,103.31,2000,2406,mr2156,2000,
2571,2121,103.485146,2000,2401,mr2151,2000,
2552,2102,103.47059,2000,2382,mr2132,2000,
2576,2126,103.68932,2000,2406,mr2156,2000,
2552,2102,103.67308,2000,2382,mr2132,2000,
2566,2116,103.790474,2000,2396,mr2146,2000,
2533,2083,103.59434,2000,2363,mr2113,2000,
2557,2107,103.62617,2000,2387,mr2137,2000,
2543,2093,103.52778,2000,2373,mr2123,2000,
2538,2088,103.38532,2000,2368,mr2118,2000,
2566,2116,103.5,2000,2396,mr2146,2000,
2557,2107,103.53153,2000,2387,mr2137,2000,
2576,2126,103.73214,2000,2406,mr2156,2000,
2576,2126,103.92921,2000,2406,mr2156,2000,
2571,2121,104.07895,2000,2401,mr2151,2000,
2543,2093,103.982605,2000,2373,mr2123,2000,
2562,2112,104.05173,2000,2392,mr2142,2000,
2557,2107,104.07692,2000,2387,mr2137,2000,
2576,2126,104.26271,2000,2406,mr2156,2000,
2557,2107,104.28571,2000,2387,mr2137,2000,
2562,2112,104.35,2000,2392,mr2142,2000,
2562,2112,104.41322,2000,2392,mr2142,2000,
2562,2112,104.47541,2000,2392,mr2142,2000,
2585,2135,104.72358,2000,2415,mr2165,2000,
2566,2116,104.814514,2000,2396,mr2146,2000,
2580,2130,105.016,2000,2410,mr2160,2000,
2571,2121,105.14286,2000,2401,mr2151,2000,
2557,2107,105.15748,2000,2387,mr2137,2000,
2576,2126,105.32031,2000,2406,mr2156,2000,
2552,2102,105.29457,2000,2382,mr2132,2000,
2557,2107,105.30769,2000,2387,mr2137,2000,
2566,2116,105.38931,2000,2396,mr2146,2000,
2571,2121,105.507576,2000,2401,mr2151,2000,
2571,2121,105.62406,2000,2401,mr2151,2000,
2557,2107,105.63433,2000,2387,mr2137,2000,
2557,2107,105.64445,2000,2387,mr2137,2000,
2548,2098,105.588234,2000,2378,mr2128,2000,
2562,2112,105.63504,2000,2392,mr2142,2000,
2594,2144,105.91305,2000,2424,mr2174,2000,
2557,2107,105.92087,2000,2387,mr2137,2000,
2562,2112,105.964294,2000,2392,mr2142,2000,
2585,2135,106.17022,2000,2415,mr2165,2000,
2590,2140,106.408455,2000,2420,mr2170,2000,
2585,2135,106.6084,2000,2415,mr2165,2000,
2566,2116,106.673615,2000,2396,mr2146,2000,
2557,2107,106.675865,2000,2387,mr2137,2000,
2580,2130,106.83562,2000,2410,mr2160,2000,
2566,2116,106.89796,2000,2396,mr2146,2000,
2566,2116,106.95946,2000,2396,mr2146,2000,
2548,2098,106.89933,2000,2378,mr2128,2000,
2552,2102,106.86667,2000,2382,mr2132,2000,
2585,2135,107.05298,2000,2415,mr2165,2000,
2562,2112,107.085526,2000,2392,mr2142,2000,
2585,2135,107.267975,2000,2415,mr2165,2000,
2548,2098,107.207794,2000,2378,mr2128,2000,
2566,2116,107.26452,2000,2396,mr2146,2000,
2580,2130,107.410255,2000,2410,mr2160,2000,
2557,2107,107.407646,2000,2387,mr2137,2000,
2538,2088,107.28481,2000,2368,mr2118,2000,
2613,2163,107.63522,2000,2443,mr2193,2000,
2533,2083,107.48125,2000,2363,mr2113,2000,
2576,2126,107.596275,2000,2406,mr2156,2000,
2548,2098,107.53704,2000,2378,mr2128,2000,
2562,2112,107.564415,2000,2392,mr2142,2000,
2552,2102,107.53049,2000,2382,mr2132,2000,
2548,2098,107.472725,2000,2378,mr2128,2000,
2557,2107,107.46988,2000,2387,mr2137,2000,
2576,2126,107.58084,2000,2406,mr2156,2000,
2571,2121,107.66071,2000,2401,mr2151,2000,
2566,2116,107.71006,2000,2396,mr2146,2000,
2548,2098,107.65294,2000,2378,mr2128,2000,
2538,2088,107.53801,2000,2368,mr2118,2000,
2552,2102,107.50581,2000,2382,mr2132,2000,
2571,2121,107.58382,2000,2401,mr2151,2000,
2566,2116,107.63219,2000,2396,mr2146,2000,
2562,2112,107.65714,2000,2392,mr2142,2000,
2576,2126,107.76136,2000,2406,mr2156,2000,
2580,2130,107.88701,2000,2410,mr2160,2000,
2557,2107,107.88202,2000,2387,mr2137,2000,
2515,2065,107.642456,2000,2345,mr2095,2000,
2548,2098,107.58889,2000,2378,mr2128,2000,
2557,2107,107.58563,2000,2387,mr2137,2000,
2543,2093,107.50549,2000,2373,mr2123,2000,
2580,2130,107.62842,2000,2410,mr2160,2000,
2580,2130,107.75,2000,2410,mr2160,2000,
2580,2130,107.87027,2000,2410,mr2160,2000,
2576,2126,107.96774,2000,2406,mr2156,2000,
2585,2135,108.1123,2000,2415,mr2165,2000,
2566,2116,108.15426,2000,2396,mr2146,2000,
2571,2121,108.22222,2000,2401,mr2151,2000,
2590,2140,108.38947,2000,2420,mr2170,2000,
2538,2088,108.28272,2000,2368,mr2118,2000,
2562,2112,108.302086,2000,2392,mr2142,2000,
2566,2116,108.34197,2000,2396,mr2146,2000,
2562,2112,108.360825,2000,2392,mr2142,2000,
2580,2130,108.471794,2000,2410,mr2160,2000,
2538,2088,108.36735,2000,2368,mr2118,2000,
2566,2116,108.40609,2000,2396,mr2146,2000,
2576,2126,108.49495,2000,2406,mr2156,2000,
2566,2116,108.53266,2000,2396,mr2146,2000,
2580,2130,108.64,2000,2410,mr2160,2000,
2562,2112,108.656715,2000,2392,mr2142,2000,
2566,2116,108.69307,2000,2396,mr2146,2000,
2562,2112,108.70936,2000,2392,mr2142,2000,
2557,2107,108.70098,2000,2387,mr2137,2000,
2533,2083,108.57561,2000,2363,mr2113,2000,
2557,2107,108.56796,2000,2387,mr2137,2000,
2557,2107,108.56039,2000,2387,mr2137,2000,
2529,2079,108.41827,2000,2359,mr2109,2000,
2580,2130,108.52153,2000,2410,mr2160,2000,
2557,2107,108.51428,2000,2387,mr2137,2000,
2571,2121,108.57346,2000,2401,mr2151,2000,
2538,2088,108.47642,2000,2368,mr2118,2000,
2538,2088,108.38028,2000,2368,mr2118,2000,
2571,2121,108.439255,2000,2401,mr2151,2000,
2571,2121,108.49767,2000,2401,mr2151,2000,
2566,2116,108.53241,2000,2396,mr2146,2000,
2566,2116,108.56682,2000,2396,mr2146,2000,
2576,2126,108.64679,2000,2406,mr2156,2000,
2562,2112,108.6621,2000,2392,mr2142,2000,
四月 22, 2019 6:25:06 下午 shenshen.han.biosim.utils.UtilLog logInfo
信息: shenshen.han.biosim.position.NewMain1$1
corrupt? 

2566,2116,108.69546,2000,2396,mr2146,2000,
2571,2121,108.75113,2000,2401,mr2151,2000,
2571,2121,108.806305,2000,2401,mr2151,2000,
2548,2098,108.75785,2000,2378,mr2128,2000,
2557,2107,108.75,2000,2387,mr2137,2000,
2557,2107,108.742226,2000,2387,mr2137,2000,
2576,2126,108.81858,2000,2406,mr2156,2000,
2576,2126,108.89427,2000,2406,mr2156,2000,
2566,2116,108.92544,2000,2396,mr2146,2000,
2557,2107,108.91703,2000,2387,mr2137,2000,
2552,2102,108.886955,2000,2382,mr2132,2000,
2580,2130,108.978355,2000,2410,mr2160,2000,
2548,2098,108.93104,2000,2378,mr2128,2000,
2580,2130,109.02146,2000,2410,mr2160,2000,
2566,2116,109.051285,2000,2396,mr2146,2000,
2562,2112,109.06383,2000,2392,mr2142,2000,
2557,2107,109.055084,2000,2387,mr2137,2000,
2576,2126,109.12658,2000,2406,mr2156,2000,
2566,2116,109.155464,2000,2396,mr2146,2000,
2543,2093,109.08787,2000,2373,mr2123,2000,
2576,2126,109.15833,2000,2406,mr2156,2000,
2538,2088,109.07054,2000,2368,mr2118,2000,
2552,2102,109.04132,2000,2382,mr2132,2000,
2566,2116,109.06996,2000,2396,mr2146,2000,
2562,2112,109.08197,2000,2392,mr2142,2000,
2552,2102,109.05306,2000,2382,mr2132,2000,
2566,2116,109.0813,2000,2396,mr2146,2000,
2585,2135,109.18623,2000,2415,mr2165,2000,
2571,2121,109.23387,2000,2401,mr2151,2000,
2566,2116,109.26105,2000,2396,mr2146,2000,
2580,2130,109.344,2000,2410,mr2160,2000,
2566,2116,109.37052,2000,2396,mr2146,2000,
2585,2135,109.47222,2000,2415,mr2165,2000,
2566,2116,109.498024,2000,2396,mr2146,2000,
2552,2102,109.468506,2000,2382,mr2132,2000,
2566,2116,109.49412,2000,2396,mr2146,2000,
2543,2093,109.42969,2000,2373,mr2123,2000,
2533,2083,109.32685,2000,2363,mr2113,2000,
2548,2098,109.28294,2000,2378,mr2128,2000,
2576,2126,109.34749,2000,2406,mr2156,2000,
2566,2116,109.37308,2000,2396,mr2146,2000,
2566,2116,109.39847,2000,2396,mr2146,2000,
2552,2102,109.37023,2000,2382,mr2132,2000,
四月 22, 2019 6:25:18 下午 shenshen.han.biosim.utils.UtilLog logInfo
信息: shenshen.han.biosim.position.NewMain1$1
corrupt? 

2538,2088,109.28897,2000,2368,mr2118,2000,
2533,2083,109.18939,2000,2363,mr2113,2000,
2552,2102,109.16226,2000,2382,mr2132,2000,
2538,2088,109.08271,2000,
2368,mr2118,2000,
2543,2093,109.02247,2000,2373,mr2123,2000,
2580,2130,109.100746,2000,2410,mr2160,2000,
2548,2098,109.05948,2000,2378,mr2128,2000,
2557,2107,109.05185,2000,2387,mr2137,2000,
2566,2116,109.07749,2000,2396,mr2146,2000,
2571,2121,109.12132,2000,2401,mr2151,2000,
2543,2093,109.06227,2000,2373,mr2123,2000,
2543,2093,109.00365,2000,2373,mr2123,2000,
2571,2121,109.04727,2000,2401,mr2151,2000,
2571,2121,109.090576,2000,2401,mr2151,2000,
2557,2107,109.08303,2000,2387,mr2137,2000,
2585,2135,109.17626,2000,2415,mr2165,2000,
2562,2112,109.18638,2000,2392,mr2142,2000,
2524,2074,109.060715,2000,2354,mr2104,2000,
2557,2107,109.05338,2000,2387,mr2137,2000,
2604,2154,109.21277,2000,2434,mr2184,2000,
2524,2074,109.08834,2000,2354,mr2104,2000,
2557,2107,109.080986,2000,
2387,mr2137,2000,
2510,2060,108.908775,2000,2340,mr2090,2000,
2576,2126,108.96853,2000,2406,mr2156,2000,
2585,2135,109.059235,2000,2415,mr2165,2000,
2566,2116,109.083336,2000,2396,mr2146,2000,
2552,2102,109.05882,2000,2382,mr2132,2000,
2566,2116,109.082756,2000,2396,mr2146,2000,
2585,2135,109.17182,2000,2415,mr2165,2000,
2562,2112,109.1815,2000,2392,mr2142,2000,
2529,2079,109.07849,2000,2359,mr2109,2000,
2548,2098,109.04081,2000,2378,mr2128,2000,
2580,2130,109.111855,2000,2410,mr2160,2000,
四月 22, 2019 6:25:27 下午 shenshen.han.biosim.utils.UtilLog logInfo
信息: shenshen.han.biosim.position.NewMain1$1
corrupt? 

2576,2126,109.168915,2000,2406,mr2156,2000,
2552,2102,109.144775,2000,
2382,mr2132,2000,
2585,2135,109.23154,2000,2415,mr2165,2000,
2557,2107,109.224075,2000,2387,mr2137,2000,
2552,2102,109.2,2000,2382,mr2132,2000,
2571,2121,109.239204,2000,2401,mr2151,2000,
2576,2126,109.2947,2000,2406,mr2156,2000,
2580,2130,109.36304,2000,2410,mr2160,2000,
2562,2112,109.37171,2000,2392,mr2142,2000,
2543,2093,109.31803,2000,2373,mr2123,2000,
2557,2107,109.310455,2000,2387,mr2137,2000,
2576,2126,109.36482,2000,2406,mr2156,2000,
2557,2107,109.35714,2000,2387,mr2137,2000,
2571,2121,109.39482,2000,2401,mr2151,2000,
2519,2069,109.26452,2000,2349,mr2099,2000,
2590,2140,109.36334,2000,2420,mr2170,2000,
2571,2121,109.40064,2000,2401,mr2151,2000,
2566,2116,109.42172,2000,2396,mr2146,2000,
2557,2107,109.41401,2000,2387,mr2137,2000,
2566,2116,109.43492,2000,2396,mr2146,2000,
2538,2088,109.36709,2000,2368,mr2118,2000,
2566,2116,109.388016,2000,2396,mr2146,2000,
2538,2088,109.320755,2000,2368,mr2118,2000,
2552,2102,109.297806,2000,2382,mr2132,2000,
2529,2079,109.203125,2000,2359,mr2109,2000,
2543,2093,109.15265,2000,2373,mr2123,2000,
2543,2093,109.102486,2000,2373,mr2123,2000,
2505,2055,108.93498,2000,2335,mr2085,2000,
2543,2093,108.8858,2000,2373,mr2123,2000,
2576,2126,108.93846,2000,2406,mr2156,2000,
2538,2088,108.87423,2000,2368,mr2118,2000,
2594,2144,108.98165,2000,2424,mr2174,2000,
2552,2102,108.960365,2000,2382,mr2132,2000,
2585,2135,109.03951,2000,2415,mr2165,2000,
2496,2046,108.84849,2000,2326,mr2076,2000,
2552,2102,108.8278,2000,2382,mr2132,2000,
2529,2079,108.73795,2000,2359,mr2109,2000,
2533,2083,108.66066,2000,2363,mr2113,2000,
2557,2107,108.655685,2000,2387,mr2137,2000,
2576,2126,108.707466,2000,2406,mr2156,2000,
2576,2126,108.75893,2000,2406,mr2156,2000,
2557,2107,108.75371,2000,2387,mr2137,2000,
2548,2098,108.72189,2000,2378,mr2128,2000,
2529,2079,108.63422,2000,2359,mr2109,2000,
2571,2121,108.670586,2000,2401,mr2151,2000,
2585,2135,108.7478,2000,2415,mr2165,2000,
2548,2098,108.71638,2000,2378,mr2128,2000,
2552,2102,108.69679,2000,2382,mr2132,2000,
2562,2112,108.7064,2000,2392,mr2142,2000,
2552,2102,108.68696,2000,2382,mr2132,2000,
2552,2102,108.66763,2000,2382,mr2132,2000,
2548,2098,108.63689,2000,2378,mr2128,2000,
2562,2112,108.64655,2000,2392,mr2142,2000,
2557,2107,108.64183,2000,2387,mr2137,2000,
2524,2074,108.542854,2000,2354,mr2104,2000,
2552,2102,108.524216,2000,2382,mr2132,2000,
2566,2116,108.545456,2000,2396,mr2146,2000,
2552,2102,108.52691,2000,2382,mr2132,2000,
2580,2130,108.58757,2000,2410,mr2160,2000,
2557,2107,108.5831,2000,2387,mr2137,2000,
2580,2130,108.64326,2000,2410,mr2160,2000,
2571,2121,108.67787,2000,2401,mr2151,2000,
2548,2098,108.64805,2000,2378,mr2128,2000,
2552,2102,108.629524,2000,2382,mr2132,2000,
2566,2116,108.65,2000,2396,mr2146,2000,
2566,2116,108.67036,2000,2396,mr2146,2000,
2590,2140,108.756905,2000,2420,mr2170,2000,
2552,2102,108.73829,2000,2382,mr2132,2000,
2599,2149,108.8489,2000,2429,mr2179,2000,
2580,2130,108.90685,2000,2410,mr2160,2000,
2585,2135,108.97814,2000,2415,mr2165,2000,
2590,2140,109.06267,2000,2420,mr2170,2000,
2599,2149,109.171196,2000,2429,mr2179,2000,
2566,2116,109.189705,2000,2396,mr2146,2000,
2552,2102,109.17027,2000,2382,mr2132,2000,
2557,2107,109.16442,2000,2387,mr2137,2000,
2604,2154,109.28494,2000,2434,mr2184,2000,
2594,2144,109.37801,2000,2424,mr2174,2000,
2576,2126,109.42246,2000,2406,mr2156,2000,
2571,2121,109.45333,2000,2401,mr2151,2000,
2580,2130,109.50798,2000,2410,mr2160,2000,
2571,2121,109.53846,2000,2401,mr2151,2000,
2557,2107,109.531746,2000,2387,mr2137,2000,
2557,2107,109.52506,2000,2387,mr2137,2000,
2552,2102,109.505264,2000,2382,mr2132,2000,
2548,2098,109.47507,2000,2378,mr2128,2000,
2543,2093,109.43194,2000,2373,mr2123,2000,
2557,2107,109.42559,2000,2387,mr2137,2000,
2552,2102,109.40625,2000,2382,mr2132,2000,
2566,2116,109.42338,2000,2396,mr2146,2000,
2533,2083,109.35492,2000,2363,mr2113,2000,
2576,2126,109.397934,2000,2406,mr2156,2000,
2594,2144,109.487114,2000,2424,mr2174,2000,
2519,2069,109.38303,2000,2349,mr2099,2000,
2543,2093,109.34103,2000,2373,mr2123,2000,
2580,2130,109.39386,2000,2410,mr2160,2000,
2557,2107,109.38776,2000,2387,mr2137,2000,
2501,2051,109.23919,2000,2331,mr2081,2000,
2533,2083,109.17259,2000,2363,mr2113,2000,
2543,2093,109.131645,2000,2373,mr2123,2000,
2529,2079,109.05556,2000,2359,mr2109,2000,
2557,2107,109.05038,2000,2387,mr2137,2000,
2538,2088,108.99749,2000,2368,mr2118,2000,
2515,2065,108.887215,2000,2345,mr2095,2000,
2548,2098,108.86,2000,2378,mr2128,2000,
2548,2098,108.83292,2000,2378,mr2128,2000,
2548,2098,108.80597,2000,2378,mr2128,2000,
2529,2079,108.73201,2000,2359,mr2109,2000,
2529,2079,108.65842,2000,2359,mr2109,2000,
2538,2088,108.60741,2000,2368,mr2118,2000,
2529,2079,108.534485,2000,2359,mr2109,2000,
2548,2098,108.5086,2000,2378,mr2128,2000,
2548,2098,108.48284,2000,2378,mr2128,2000,
2519,2069,108.38631,2000,2349,mr2099,2000,
2533,2083,108.32439,2000,2363,mr2113,2000,
2548,2098,108.29927,2000,2378,mr2128,2000,
2562,2112,108.30825,2000,2392,mr2142,2000,
2543,2093,108.27119,2000,2373,mr2123,2000,
2524,2074,108.18841,2000,2354,mr2104,2000,
2524,2074,108.106026,2000,2354,mr2104,2000,
2548,2098,108.08173,2000,2378,mr2128,2000,
2529,2079,108.01199,2000,2359,mr2109,2000,
2548,2098,107.98804,2000,2378,mr2128,2000,
2543,2093,107.95227,2000,2373,mr2123,2000,
2524,2074,107.87143,2000,2354,mr2104,2000,
2562,2112,107.88123,2000,2392,mr2142,2000,
2576,2126,107.92417,2000,2406,mr2156,2000,
2566,2116,107.94326,2000,2396,mr2146,2000,
2576,2126,107.98585,2000,2406,mr2156,2000,
2566,2116,108.00471,2000,2396,mr2146,2000,
2580,2130,108.056335,2000,2410,mr2160,2000,
2585,2135,108.11944,2000,2415,mr2165,2000,
2604,2154,108.22664,2000,2434,mr2184,2000,
2562,2112,108.23543,2000,2392,mr2142,2000,
2571,2121,108.265114,2000,2401,mr2151,2000,
2585,2135,108.32715,2000,2415,mr2165,2000,
2585,2135,108.388885,2000,2415,mr2165,2000,
2576,2126,108.42956,2000,2406,mr2156,2000,
2538,2088,108.38249,2000,2368,mr2118,2000,
2543,2093,108.34713,2000,2373,mr2123,2000,
2576,2126,108.38761,2000,2406,mr2156,2000,
2580,2130,108.43707,2000,2410,mr2160,2000,
2576,2126,108.477165,2000,2406,mr2156,2000,
2519,2069,108.387245,2000,2349,mr2099,2000,
2557,2107,108.384094,2000,2387,mr2137,2000,
2557,2107,108.38095,2000,2387,mr2137,2000,
2543,2093,108.34615,2000,2373,mr2123,2000,
2580,2130,108.395035,2000,2410,mr2160,2000,
2533,2083,108.33784,2000,2363,mr2113,2000,
2543,2093,108.30337,2000,2373,mr2123,2000,
2557,2107,108.300446,2000,2387,mr2137,2000,
2590,2140,108.37137,2000,2420,mr2170,2000,
2557,2107,108.3683,2000,2387,mr2137,2000,
2576,2126,108.40757,2000,2406,mr2156,2000,
2515,2065,108.31111,2000,2345,mr2095,2000,
2571,2121,108.33925,2000,2401,mr2151,2000,
2585,2135,108.39823,2000,2415,mr2165,2000,
2562,2112,108.40618,2000,2392,mr2142,2000,
2562,2112,108.4141,2000,2392,mr2142,2000,
2548,2098,108.39121,2000,2378,mr2128,2000,
2562,2112,108.399124,2000,2392,mr2142,2000,
2538,2088,108.354485,2000,2368,mr2118,2000,
2571,2121,108.382095,2000,2401,mr2151,2000,
2538,2088,108.33769,2000,2368,mr2118,2000,
2543,2093,108.304344,2000,2373,mr2123,2000,
2533,2083,108.24946,2000,2363,mr2113,2000,
2571,2121,108.277054,2000,2401,mr2151,2000,
2557,2107,108.2743,2000,2387,mr2137,2000,
2576,2126,108.3125,2000,2406,mr2156,2000,
