2548,2098,109.507034,2000,2378,mr2128,2000,
2562,2112,109.54166,2000,2392,mr2142,2000,
2585,2135,109.890396,2000,2415,mr2165,2000,
2548,2098,109.72971,2000,2378,mr2128,2000,
2562,2112,109.75999,2000,2392,mr2142,2000,
2566,2116,109.842094,2000,2396,mr2146,2000,
2562,2112,109.87012,2000,2392,mr2142,2000,
2548,2098,109.71793,2000,2378,mr2128,2000,
2533,2083,109.37974,2000,2363,mr2113,2000,
2580,2130,109.63749,2000,2410,mr2160,2000,
2576,2126,109.83949,2000,2406,mr2156,2000,
2599,2149,110.31706,2000,2429,mr2179,2000,
2711,2261,112.132515,2000,2551,mr2301,2000,
2720,2270,114.011894,2000,2560,mr2310,2000,
2651,2201,115.035286,2000,2481,mr2231,2000,
2720,2270,116.8372,2000,2560,mr2310,2000,
2468,2018,115.70114,2000,2298,mr2048,2000,
2533,2083,115.32954,2000,2363,mr2113,2000,
2674,2224,116.55055,2000,2514,mr2264,2000,
2627,2177,117.22221,2000,2457,mr2207,2000,
2627,2177,117.87911,2000,2457,mr2207,2000,
2571,2121,117.91303,2000,2401,mr2151,2000,
2618,2168,118.4516,2000,2448,mr2198,2000,
2557,2107,118.32978,2000,2387,mr2137,2000,
2580,2130,118.45262,2000,2410,mr2160,2000,
2632,2182,119.11457,2000,2462,mr2212,2000,
2664,2214,120.09277,2000,2504,mr2254,2000,
2697,2247,121.38775,2000,2537,mr2287,2000,
2692,2242,122.60605,2000,2532,mr2282,2000,
2580,2130,122.67999,2000,2410,mr2160,2000,
2533,2083,122.28712,2000,2363,mr2113,2000,
2594,2144,122.49999,2000,2424,mr2174,2000,
2637,2187,123.126205,2000,2467,mr2217,2000,
2627,2177,123.64422,2000,2457,mr2207,2000,
2651,2201,124.38094,2000,2481,mr2231,2000,
2604,2154,124.66037,2000,2434,mr2184,2000,
2590,2140,124.80373,2000,2420,mr2170,2000,
2674,2224,125.72221,2000,2514,mr2264,2000,
2669,2219,126.57797,2000,2499,mr2249,2000,
2660,2210,127.33636,2000,2490,mr2240,2000,
2655,2205,128.03603,2000,2485,mr2235,2000,
2669,2219,128.8482,2000,2499,mr2249,2000,
2655,2205,129.52211,2000,2485,mr2235,2000,
2664,2214,130.26314,2000,2504,mr2254,2000,
2669,2219,131.03476,2000,2499,mr2249,2000,
2651,2201,131.63791,2000,2481,mr2231,2000,
2665,2215,132.3504,2000,2495,mr2245,2000,
2665,2215,133.05083,2000,2495,mr2245,2000,
2678,2228,133.84872,2000,2518,mr2268,2000,
2669,2219,134.55832,2000,2499,mr2249,2000,
2669,2219,135.25618,2000,2499,mr2249,2000,
2651,2201,135.79506,2000,2481,mr2231,2000,
2632,2182,136.17072,2000,2462,mr2212,2000,
2669,2219,136.8387,2000,2499,mr2249,2000,
2646,2196,137.31198,2000,2476,mr2226,2000,
2660,2210,137.88887,2000,2490,mr2240,2000,
2683,2233,138.63779,2000,2523,mr2273,2000,
2655,2205,139.15623,2000,2485,mr2235,2000,
2623,2173,139.4186,2000,2453,mr2203,2000,
2655,2205,139.92307,2000,2485,mr2235,2000,
2678,2228,140.5954,2000,2518,mr2268,2000,
2660,2210,141.1212,2000,2490,mr2240,2000,
2637,2187,141.46616,2000,2467,mr2217,2000,
2665,2215,142.01491,2000,2495,mr2245,2000,
2674,2224,142.62221,2000,2514,mr2264,2000,
2665,2215,143.1544,2000,2495,mr2245,2000,
2637,2187,143.47444,2000,2467,mr2217,2000,
2637,2187,143.78984,2000,2467,mr2217,2000,
2608,2158,143.89207,2000,2438,mr2188,2000,
2753,2303,145.02856,2000,2593,mr2343,2000,
2688,2238,145.68794,2000,2528,mr2278,2000,
2646,2196,146.04225,2000,2476,mr2226,2000,
2674,2224,146.58742,2000,2514,mr2264,2000,
2585,2135,146.50694,2000,2415,mr2165,2000,
2608,2158,146.58621,2000,2438,mr2188,2000,
2655,2205,146.9863,2000,2485,mr2235,2000,
2655,2205,147.38095,2000,2485,mr2235,2000,
2590,2140,147.33109,2000,2420,mr2170,2000,
2599,2149,147.34229,2000,2429,mr2179,2000,
2651,2201,147.7,2000,2481,mr2231,2000,
2618,2168,147.83444,2000,2448,mr2198,2000,
2646,2196,148.15132,2000,2476,mr2226,2000,
2623,2173,148.31372,2000,2453,mr2203,2000,
2613,2163,148.40909,2000,2443,mr2193,2000,
2562,2112,148.1742,2000,2392,mr2142,2000,
2627,2177,148.35898,2000,2457,mr2207,2000,
2637,2187,148.6051,2000,2467,mr2217,2000,
2576,2126,148.46204,2000,2406,mr2156,2000,
2590,2140,148.40881,2000,2420,mr2170,2000,
2618,2168,148.53127,2000,2448,mr2198,2000,
2623,2173,148.68324,2000,2453,mr2203,2000,
2562,2112,148.4568,2000,2392,mr2142,2000,
2562,2112,148.23314,2000,2392,mr2142,2000,
2576,2126,148.09758,2000,2406,mr2156,2000,
2641,2191,148.3576,2000,2471,mr2221,2000,
2580,2130,148.24701,2000,2410,mr2160,2000,
2552,2102,147.97008,2000,2382,mr2132,2000,
2599,2149,147.97621,2000,2429,mr2179,2000,
2632,2182,148.17754,2000,2462,mr2212,2000,
2571,2121,148.01767,2000,2401,mr2151,2000,
2576,2126,147.88892,2000,2406,mr2156,2000,
四月 22, 2019 6:02:07 下午 shenshen.han.biosim.utils.UtilLog logInfo
信息: shenshen.han.biosim.position.NewMain1$1
corrupt? 

2576,2126,147.76166,2000,2406,mr2156,2000,
2618,2168,147.87865,2000,2448,mr2198,2000,
2608,2158,147.93681,2000,2438,mr2188,2000,
2599,2149,147.94289,2000,2429,mr2179,2000,
2651,2201,148.24435,2000,2481,mr2231,2000,
2580,2130,148.14128,2000,2410,mr2160,2000,
2590,2140,148.09554,2000,2420,mr2170,2000,
2599,2149,148.10059,2000,2429,mr2179,2000,
2576,2126,147.9778,2000,2406,mr2156,2000,
2590,2140,147.93372,2000,2420,mr2170,2000,
2608,2158,147.98903,2000,2438,mr2188,2000,
2623,2173,148.1257,2000,2453,mr2203,2000,
2580,2130,148.02719,2000,2410,mr2160,2000,
2594,2144,148.00543,2000,2424,mr2174,2000,
2608,2158,148.05917,2000,2438,mr2188,2000,
2566,2116,147.88773,2000,2396,mr2146,2000,
2641,2191,148.11703,2000,2471,mr2221,2000,
2604,2154,148.14816,2000,2434,mr2184,2000,
2646,2196,148.40001,2000,2476,mr2226,2000,
2594,2144,148.37697,2000,2424,mr2174,2000,
2590,2140,148.33333,2000,2420,mr2170,2000,
2608,2158,148.38342,2000,2438,mr2188,2000,
2604,2154,148.41237,2000,2434,mr2184,2000,
2594,2144,148.38974,2000,2424,mr2174,2000,
2576,2126,148.27551,2000,2406,mr2156,2000,
2562,2112,148.09137,2000,2392,mr2142,2000,
2608,2158,148.14142,2000,2438,mr2188,2000,
2623,2173,148.26633,2000,2453,mr2203,2000,
2576,2126,148.155,2000,2406,mr2156,2000,
2608,2158,148.20398,2000,2438,mr2188,2000,
2599,2149,148.20792,2000,2429,mr2179,2000,
2646,2196,148.44334,2000,2476,mr2226,2000,
2651,2201,148.70097,2000,2481,mr2231,2000,
2552,2102,148.47316,2000,2382,mr2132,2000,
2604,2154,148.49998,2000,2434,mr2184,2000,
2613,2163,148.57002,2000,2443,mr2193,2000,
2538,2088,148.27882,2000,2368,mr2118,2000,
2618,2168,148.37318,2000,2448,mr2198,2000,
2627,2177,148.5095,2000,2457,mr2207,2000,
2683,2233,148.90993,2000,2523,mr2273,2000,
2688,2238,149.33015,2000,2528,mr2278,2000,
2613,2163,149.39433,2000,2443,mr2193,2000,
2646,2196,149.6121,2000,2476,mr2226,2000,
2613,2163,149.67438,2000,2443,mr2193,2000,
2646,2196,149.88884,2000,2476,mr2226,2000,
2641,2191,150.0783,2000,2471,mr2221,2000,
2566,2116,149.92197,2000,2396,mr2146,2000,
2571,2121,149.7899,2000,2401,mr2151,2000,
2543,2093,149.53177,2000,2373,mr2123,2000,
2552,2102,149.3167,2000,2382,mr2132,2000,
2674,2224,149.6531,2000,2514,mr2264,2000,
2683,2233,150.02686,2000,2523,mr2273,2000,
2720,2270,150.56245,2000,2560,mr2310,2000,
2651,2201,150.78662,2000,2481,mr2231,2000,
2590,2140,150.73889,2000,2420,mr2170,2000,
2641,2191,150.91624,2000,2471,mr2221,2000,
2632,2182,151.05258,2000,2462,mr2212,2000,
2580,2130,150.96065,2000,2410,mr2160,2000,
2613,2163,151.01299,2000,2443,mr2193,2000,
2604,2154,151.02592,2000,2434,mr2184,2000,
2632,2182,151.15944,2000,2462,mr2212,2000,
2683,2233,151.51068,2000,2523,mr2273,2000,
2618,2168,151.58115,2000,2448,mr2198,2000,
2604,2154,151.59145,2000,2434,mr2184,2000,
2557,2107,151.4025,2000,2387,mr2137,2000,
2548,2098,151.17717,2000,2378,mr2128,2000,
2571,2121,151.05037,2000,2401,mr2151,2000,
2664,2214,151.31375,2000,2504,mr2254,2000,
2664,2214,151.57495,2000,2504,mr2254,2000,
2683,2233,151.91281,2000,2523,mr2273,2000,
2632,2182,152.03714,2000,2462,mr2212,2000,
2566,2116,151.88884,2000,2396,mr2146,2000,
2576,2126,151.78275,2000,2406,mr2156,2000,
2590,2140,151.73465,2000,2420,mr2170,2000,
2669,2219,152.00809,2000,2499,mr2249,2000,
2674,2224,152.29955,2000,2514,mr2264,2000,
2623,2173,152.38301,2000,2453,mr2203,2000,
2608,2158,152.40558,2000,2438,mr2188,2000,
2641,2191,152.55995,2000,2471,mr2221,2000,
2655,2205,152.76888,2000,2485,mr2235,2000,
2655,2205,152.97615,2000,2485,mr2235,2000,
2646,2196,153.1462,2000,2476,mr2226,2000,
2632,2182,153.2598,2000,2462,mr2212,2000,
2641,2191,153.40779,2000,2471,mr2221,2000,
2623,2173,153.48433,2000,2453,mr2203,2000,
2641,2191,153.63031,2000,2471,mr2221,2000,
2632,2182,153.74026,2000,2462,mr2212,2000,
2651,2201,153.92273,2000,2481,mr2231,2000,
2646,2196,154.08456,2000,2476,mr2226,2000,
2641,2191,154.22601,2000,2471,mr2221,2000,
2665,2215,154.45798,2000,2495,mr2245,2000,
2651,2201,154.63493,2000,2481,mr2231,2000,
2623,2173,154.7045,2000,2453,mr2203,2000,
2637,2187,154.82637,2000,2467,mr2217,2000,
2651,2201,154.99995,2000,2481,mr2231,2000,
2623,2173,155.06737,2000,2453,mr2203,2000,
2665,2215,155.291,2000,2495,mr2245,2000,
2641,2191,155.42375,2000,2471,mr2221,2000,
2660,2210,155.62589,2000,2490,mr2240,2000,
2655,2205,155.80807,2000,2485,mr2235,2000,
2632,2182,155.90437,2000,2462,mr2212,2000,
2646,2196,156.05124,2000,2476,mr2226,2000,
2641,2191,156.17879,2000,2471,mr2221,2000,
2623,2173,156.23996,2000,2453,mr2203,2000,
2641,2191,156.3659,2000,2471,mr2221,2000,
2627,2177,156.44038,2000,2457,mr2207,2000,
2646,2196,156.58269,2000,2476,mr2226,2000,
2674,2224,156.82433,2000,2514,mr2264,2000,
2660,2210,157.01424,2000,2490,mr2240,2000,
2637,2187,157.12094,2000,2467,mr2217,2000,
2651,2201,157.27654,2000,2481,mr2231,2000,
2651,2201,157.43105,2000,2481,mr2231,2000,
2669,2219,157.64783,2000,2499,mr2249,2000,
2613,2163,157.66661,2000,2443,mr2193,2000,
2623,2173,157.72023,2000,2453,mr2203,2000,
2627,2177,157.7874,2000,2457,mr2207,2000,
2641,2191,157.90273,2000,2471,mr2221,2000,
2613,2163,157.92036,2000,2443,mr2193,2000,
2646,2196,158.05167,2000,2476,mr2226,2000,
2623,2173,158.10304,2000,2453,mr2203,2000,
2632,2182,158.18488,2000,2462,mr2212,2000,
2664,2214,158.37537,2000,2504,mr2254,2000,
2632,2182,158.45572,2000,2462,mr2212,2000,
2641,2191,158.56604,2000,2471,mr2221,2000,
2548,2098,158.36142,2000,2378,mr2128,2000,
2529,2079,158.09421,2000,2359,mr2109,2000,
2623,2173,158.14423,2000,2453,mr2203,2000,
2632,2182,158.22401,2000,2462,mr2212,2000,
2669,2219,158.4266,2000,2509,mr2259,2000,
2627,2177,158.48831,2000,2457,mr2207,2000,
2613,2163,158.50325,2000,2443,mr2193,2000,
2594,2144,158.45538,2000,2424,mr2174,2000,
2651,2201,158.59534,2000,2481,mr2231,2000,
2651,2201,158.73438,2000,2481,mr2231,2000,
2524,2074,158.45746,2000,2354,mr2104,2000,
2692,2242,158.72958,2000,2532,mr2282,2000,
2548,2098,158.53241,2000,2378,mr2128,2000,
2632,2182,158.60835,2000,2462,mr2212,2000,
2683,2233,158.84833,2000,2523,mr2273,2000,
2664,2214,159.02567,2000,2504,mr2254,2000,
2576,2126,158.91982,2000,2406,mr2156,2000,
2669,2219,159.11176,2000,2509,mr2259,2000,
2623,2173,159.15599,2000,2453,mr2203,2000,
2585,2135,159.0793,2000,2415,mr2165,2000,
2618,2168,159.10753,2000,2448,mr2198,2000,
2632,2182,159.17975,2000,2462,mr2212,2000,
2571,2121,159.0597,2000,2401,mr2151,2000,
2637,2187,159.14728,2000,2467,mr2217,2000,
2562,2112,158.99994,2000,2392,mr2142,2000,
2557,2107,158.83795,2000,2387,mr2137,2000,
2557,2107,158.67697,2000,2387,mr2137,2000,
2604,2154,158.66249,2000,2434,mr2184,2000,
2678,2228,158.8765,2000,2518,mr2268,2000,
2487,2037,158.5015,2000,2317,mr2067,2000,
2543,2093,158.30057,2000,2373,mr2123,2000,
2669,2219,158.48619,2000,2509,mr2259,2000,
2599,2149,158.45728,2000,2429,mr2179,2000,
2618,2168,158.48627,2000,2448,mr2198,2000,
2627,2177,158.54236,2000,2457,mr2207,2000,
2613,2163,158.55582,2000,2443,mr2193,2000,
2641,2191,158.65355,2000,2471,mr2221,2000,
2641,2191,158.75069,2000,2471,mr2221,2000,
2594,2144,158.70653,2000,2424,mr2174,2000,
2632,2182,158.77606,2000,2462,mr2212,2000,
2594,2144,158.73209,2000,2424,mr2174,2000,
2604,2154,158.71805,2000,2434,mr2184,2000,
2674,2224,158.91118,2000,2514,mr2264,2000,
2660,2210,159.06187,2000,2490,mr2240,2000,
2562,2112,158.92346,2000,2392,mr2142,2000,
2669,2219,159.09964,2000,2509,mr2259,2000,
2632,2182,159.1666,2000,2462,mr2212,2000,
2552,2102,158.99994,2000,2382,mr2132,2000,
2585,2135,158.93018,2000,2415,mr2165,2000,
2655,2205,159.0637,2000,2485,mr2235,2000,
2646,2196,159.17046,2000,2476,mr2226,2000,
2623,2173,159.21031,2000,2453,mr2203,2000,
2637,2187,159.29016,2000,2467,mr2217,2000,
2604,2154,159.27501,2000,2434,mr2184,2000,
2576,2126,159.17993,2000,2406,mr2156,2000,
2646,2196,159.28484,2000,2476,mr2226,2000,
2543,2093,159.09653,2000,2373,mr2123,2000,
2604,2154,159.08209,2000,2434,mr2184,2000,
2594,2144,159.03949,2000,2424,mr2174,2000,
2623,2173,159.07881,2000,2453,mr2203,2000,
2585,2135,159.01117,2000,2415,mr2165,2000,
2613,2163,159.02234,2000,2443,mr2193,2000,
2641,2191,159.11166,2000,2471,mr2221,2000,
2599,2149,159.0835,2000,2429,mr2179,2000,
2594,2144,159.0416,2000,2424,mr2174,2000,
2641,2191,159.13011,2000,2471,mr2221,2000,
2613,2163,159.1408,2000,2443,mr2193,2000,
2590,2140,159.08807,2000,2420,mr2170,2000,
2604,2154,159.0741,2000,2434,mr2184,2000,
2627,2177,159.12321,2000,2457,mr2207,2000,
2590,2140,159.07097,2000,2420,mr2170,2000,
2627,2177,159.11981,2000,2457,mr2207,2000,
2618,2168,159.14395,2000,2448,mr2198,2000,
2566,2116,159.02702,2000,2396,mr2146,2000,
2623,2173,159.06479,2000,2453,mr2203,2000,
2557,2107,158.92445,2000,2387,mr2137,2000,
2613,2163,158.93541,2000,2443,mr2193,2000,
2646,2196,159.03477,2000,2476,mr2226,2000,
2637,2187,159.10956,2000,2467,mr2217,2000,
2608,2158,159.1066,2000,2438,mr2188,2000,
2669,2219,159.26588,2000,2499,mr2249,2000,
2623,2173,159.3023,2000,2453,mr2203,2000,
2632,2182,159.36235,2000,2462,mr2212,2000,
2604,2154,159.3482,2000,2434,mr2184,2000,
2627,2177,159.39465,2000,2457,mr2207,2000,
2613,2163,159.40411,2000,2443,mr2193,2000,
2646,2196,159.49992,2000,2476,mr2226,2000,
2641,2191,159.58217,2000,2471,mr2221,2000,
2613,2163,159.59106,2000,2443,mr2193,2000,
2627,2177,159.63628,2000,2457,mr2207,2000,
2660,2210,159.76675,2000,2490,mr2240,2000,
2604,2154,159.75186,2000,2434,mr2184,2000,
2627,2177,159.79631,2000,2457,mr2207,2000,
2637,2187,159.86624,2000,2467,mr2217,2000,
