2533,2083,125.666664,2000,2363,mr2113,2000,
2543,2093,123.15385,2000,2373,mr2123,2000,
2557,2107,122.0,2000,2387,mr2137,2000,
2538,2088,119.73333,2000,2368,mr2118,2000,
2562,2112,119.25,2000,2392,mr2142,2000,
2482,2032,114.117645,2000,2312,mr2062,2000,
2491,2041,110.05556,2000,2321,mr2071,2000,
2510,2060,107.42105,2000,2340,mr2090,2000,
2524,2074,105.75,2000,2354,mr2104,2000,
2552,2102,105.57143,2000,2382,mr2132,2000,
2543,2093,105.0,2000,2373,mr2123,2000,
2557,2107,105.08696,2000,2387,mr2137,2000,
2576,2126,105.958336,2000,2406,mr2156,2000,
2548,2098,105.64,2000,2378,mr2128,2000,
2533,2083,104.76923,2000,2363,mr2113,2000,
2552,2102,104.666664,2000,2382,mr2132,2000,
2548,2098,104.42857,2000,2378,mr2128,2000,
2557,2107,104.51724,2000,2387,mr2137,2000,
2538,2088,103.96667,2000,2368,mr2118,2000,
2538,2088,103.451614,2000,2368,mr2118,2000,
2562,2112,103.71875,2000,2392,mr2142,2000,
2571,2121,104.242424,2000,2401,mr2151,2000,
2562,2112,104.47059,2000,2392,mr2142,2000,
2538,2088,104.0,2000,2368,mr2118,2000,
2580,2130,104.72222,2000,2410,mr2160,2000,
2590,2140,105.675674,2000,2420,mr2170,2000,
2571,2121,106.07895,2000,2401,mr2151,2000,
2519,2069,105.128204,2000,2349,mr2099,2000,
2552,2102,105.05,2000,2382,mr2132,2000,
2538,2088,104.63415,2000,2368,mr2118,2000,
2557,2107,104.690475,2000,2387,mr2137,2000,
2599,2149,105.72093,2000,2429,mr2179,2000,
2529,2079,105.11364,2000,2359,mr2109,2000,
2552,2102,105.04444,2000,2382,mr2132,2000,
2538,2088,104.67391,2000,2368,mr2118,2000,
2590,2140,105.42553,2000,2420,mr2170,2000,
2543,2093,105.166664,2000,2373,mr2123,2000,
2552,2102,105.10204,2000,2382,mr2132,2000,
2557,2107,105.14,2000,2387,mr2137,2000,
2632,2182,106.64706,2000,2462,mr2212,2000,
2571,2121,106.92308,2000,2401,mr2151,2000,
2548,2098,106.754715,2000,2378,mr2128,2000,
2585,2135,107.27778,2000,2415,mr2165,2000,
2552,2102,107.181816,2000,2382,mr2132,2000,
2566,2116,107.33929,2000,2396,mr2146,2000,
2552,2102,107.24561,2000,2382,mr2132,2000,
2576,2126,107.56896,2000,2406,mr2156,2000,
2562,2112,107.644066,2000,2392,mr2142,2000,
2557,2107,107.63333,2000,2387,mr2137,2000,
2594,2144,108.22951,2000,2424,mr2174,2000,
2562,2112,108.29032,2000,2392,mr2142,2000,
2585,2135,108.71429,2000,2415,mr2165,2000,
2580,2130,109.046875,2000,2410,mr2160,2000,
2576,2126,109.30769,2000,2406,mr2156,2000,
2543,2093,109.06061,2000,2373,mr2123,2000,
2576,2126,109.31343,2000,2406,mr2156,2000,
2548,2098,109.14706,2000,2378,mr2128,2000,
2599,2149,109.72464,2000,2429,mr2179,2000,
2552,2102,109.61429,2000,2382,mr2132,2000,
2533,2083,109.23943,2000,2363,mr2113,2000,
2566,2116,109.333336,2000,2396,mr2146,2000,
2552,2102,109.23288,2000,2382,mr2132,2000,
2557,2107,109.202705,2000,2387,mr2137,2000,
2562,2112,109.24,2000,2392,mr2142,2000,
2594,2144,109.697365,2000,2424,mr2174,2000,
2585,2135,110.02597,2000,2415,mr2165,2000,
2576,2126,110.23077,2000,2406,mr2156,2000,
2604,2154,110.78481,2000,2434,mr2184,2000,
2580,2130,111.025,2000,2410,mr2160,2000,
2552,2102,110.91358,2000,2382,mr2132,2000,
2566,2116,110.97561,2000,2396,mr2146,2000,
2543,2093,110.75903,2000,2373,mr2123,2000,
2562,2112,110.77381,2000,2392,mr2142,2000,
2552,2102,110.670586,2000,2382,mr2132,2000,
2543,2093,110.46512,2000,2373,mr2123,2000,
2552,2102,110.36781,2000,2382,mr2132,2000,
2566,2116,110.431816,2000,2396,mr2146,2000,
2585,2135,110.70786,2000,2415,mr2165,2000,
2571,2121,110.82222,2000,2401,mr2151,2000,
2585,2135,111.08791,2000,2415,mr2165,2000,
2543,2093,110.891304,2000,2373,mr2123,2000,
2552,2102,110.7957,2000,2382,mr2132,2000,
2548,2098,110.65958,2000,2378,mr2128,2000,
2580,2130,110.86316,2000,2410,mr2160,2000,
2566,2116,110.916664,2000,2396,mr2146,2000,
2566,2116,110.96907,2000,2396,mr2146,2000,
2552,2102,110.87755,2000,2382,mr2132,2000,
2543,2093,110.69697,2000,2373,mr2123,2000,
2585,2135,110.94,2000,2415,mr2165,2000,
2562,2112,110.95049,2000,2392,mr2142,2000,
2571,2121,111.04902,2000,2401,mr2151,2000,
2562,2112,111.05825,2000,2392,mr2142,2000,
2571,2121,111.15385,2000,2401,mr2151,2000,
2557,2107,111.11429,2000,2387,mr2137,2000,
2562,2112,111.12264,2000,2392,mr2142,2000,
2566,2116,111.16822,2000,2396,mr2146,2000,
2533,2083,110.90741,2000,2363,mr2113,2000,
2505,2055,110.39449,2000,2335,mr2085,2000,
2533,2083,110.145454,2000,2363,mr2113,2000,
2533,2083,109.9009,2000,2363,mr2113,2000,
2618,2168,110.41964,2000,2448,mr2198,2000,
2604,2154,110.80531,2000,2434,mr2184,2000,
2543,2093,110.649124,2000,2373,mr2123,2000,
2594,2144,110.93913,2000,2424,mr2174,2000,
2590,2140,111.18965,2000,2420,mr2170,2000,
2543,2093,111.03419,2000,2373,mr2123,2000,
2571,2121,111.118645,2000,2401,mr2151,2000,
2529,2079,110.84874,2000,2359,mr2109,2000,
2552,2102,110.775,2000,2382,mr2132,2000,
2529,2079,110.5124,2000,2359,mr2109,2000,
2599,2149,110.827866,2000,2429,mr2179,2000,
2548,2098,110.72358,2000,2378,mr2128,2000,
2533,2083,110.5,2000,2363,mr2113,2000,
2533,2083,110.28,2000,2363,mr2113,2000,
2580,2130,110.43651,2000,2410,mr2160,2000,
2571,2121,110.519684,2000,2401,mr2151,2000,
2566,2116,110.5625,2000,2396,mr2146,2000,
2510,2060,110.17054,2000,2340,mr2090,2000,
2552,2102,110.10769,2000,2382,mr2132,2000,
2543,2093,109.9771,2000,2373,mr2123,2000,
2519,2069,109.666664,2000,2349,mr2099,2000,
2557,2107,109.646614,2000,2387,mr2137,2000,
2524,2074,109.3806,2000,2354,mr2104,2000,
2566,2116,109.42963,2000,2396,mr2146,2000,
2576,2126,109.55147,2000,2406,mr2156,2000,
2585,2135,109.73723,2000,2415,mr2165,2000,
2566,2116,109.78261,2000,2396,mr2146,2000,
2552,2102,109.726616,2000,2382,mr2132,2000,
2543,2093,109.60714,2000,2373,mr2123,2000,
2543,2093,109.489365,2000,2373,mr2123,2000,
2538,2088,109.33803,2000,2368,mr2118,2000,
2566,2116,109.38461,2000,2396,mr2146,2000,
2538,2088,109.236115,2000,2368,mr2118,2000,
2533,2083,109.055176,2000,2363,mr2113,2000,
2552,2102,109.00685,2000,2382,mr2132,2000,
2548,2098,108.93198,2000,2378,mr2128,2000,
2533,2083,108.75676,2000,2363,mr2113,2000,
2576,2126,108.87248,2000,2406,mr2156,2000,
2552,2102,108.82667,2000,2382,mr2132,2000,
2571,2121,108.90729,2000,2401,mr2151,2000,
2599,2149,109.17105,2000,2429,mr2179,2000,
2576,2126,109.281044,2000,2406,mr2156,2000,
2580,2130,109.41558,2000,2410,mr2160,2000,
2599,2149,109.67097,2000,2429,mr2179,2000,
2557,2107,109.65385,2000,2387,mr2137,2000,
2576,2126,109.757965,2000,2406,mr2156,2000,
2590,2140,109.94936,2000,2420,mr2170,2000,
2585,2135,110.10692,2000,2415,mr2165,2000,
2529,2079,109.9125,2000,2359,mr2109,2000,
2585,2135,110.06832,2000,2415,mr2165,2000,
2594,2144,110.27778,2000,2424,mr2174,2000,
2604,2154,110.54601,2000,2434,mr2184,2000,
2562,2112,110.55488,2000,2392,mr2142,2000,
2594,2144,110.757576,2000,2424,mr2174,2000,
2604,2154,111.018074,2000,2434,mr2184,2000,
2557,2107,110.99401,2000,2387,mr2137,2000,
2548,2098,110.916664,2000,2378,mr2128,2000,
2519,2069,110.66864,2000,2349,mr2099,2000,
2571,2121,110.72941,2000,2401,mr2151,2000,
2566,2116,110.76023,2000,2396,mr2146,2000,
2585,2135,110.90116,2000,2415,mr2165,2000,
2566,2116,110.93063,2000,2396,mr2146,2000,
2590,2140,111.0977,2000,2420,mr2170,2000,
2548,2098,111.02286,2000,2378,mr2128,2000,
2604,2154,111.267044,2000,2434,mr2184,2000,
2580,2130,111.37288,2000,2410,mr2160,2000,
2552,2102,111.32022,2000,2382,mr2132,2000,
2552,2102,111.26816,2000,2382,mr2132,2000,
2580,2130,111.37222,2000,2410,mr2160,2000,
2543,2093,111.27072,2000,2373,mr2123,2000,
2571,2121,111.32417,2000,2401,mr2151,2000,
2590,2140,111.48087,2000,2420,mr2170,2000,
2557,2107,111.45652,2000,2387,mr2137,2000,
2590,2140,111.61081,2000,2420,mr2170,2000,
2580,2130,111.70968,2000,2410,mr2160,2000,
2608,2158,111.95722,2000,2438,mr2188,2000,
2576,2126,112.03191,2000,2406,mr2156,2000,
2566,2116,112.05291,2000,2396,mr2146,2000,
2548,2098,111.97895,2000,2378,mr2128,2000,
2548,2098,111.90576,2000,2378,mr2128,2000,
2599,2149,112.09896,2000,2429,mr2179,2000,
2552,2102,112.04663,2000,2382,mr2132,2000,
2585,2135,112.16495,2000,2415,mr2165,2000,
2548,2098,112.09231,2000,2378,mr2128,2000,
2548,2098,112.02041,2000,2378,mr2128,2000,
2571,2121,112.06599,2000,2401,mr2151,2000,
2590,2140,112.20707,2000,2420,mr2170,2000,
2571,2121,112.25126,2000,2401,mr2151,2000,
2543,2093,112.155,2000,2373,mr2123,2000,
2576,2126,112.22388,2000,2406,mr2156,2000,
2576,2126,112.292076,2000,2406,mr2156,2000,
2627,2177,112.61084,2000,2457,mr2207,2000,
2576,2126,112.67647,2000,2406,mr2156,2000,
2585,2135,112.78536,2000,2415,mr2165,2000,
2566,2116,112.80097,2000,2396,mr2146,2000,
2557,2107,112.77295,2000,2387,mr2137,2000,
2557,2107,112.74519,2000,2387,mr2137,2000,
2566,2116,112.760765,2000,2396,mr2146,2000,
四月 22, 2019 6:27:45 下午 shenshen.han.biosim.utils.UtilLog logInfo
信息: shenshen.han.biosim.position.NewMain1$1
corrupt? 

2585,2135,112.86667,2000,2415,mr2165,2000,
2590,2140,112.99526,2000,2420,mr2170,2000,
2566,2116,113.00944,2000,2396,mr2146,2000,
2585,2135,113.11268,2000,2415,mr2165,2000,
2533,2083,112.97196,2000,2363,mr2113,2000,
2552,2102,112.92093,2000,2382,mr2132,2000,
2557,2107,112.89352,2000,2387,mr2137,2000,
2580,2130,112.97235,2000,2410,mr2160,2000,
2571,2121,113.00917,2000,2401,mr2151,2000,
2548,2098,112.940636,2000,2378,mr2128,2000,
2557,2107,112.913635,2000,2387,mr2137,2000,
2557,2107,112.88688,2000,2387,mr2137,2000,
2552,2102,112.83784,2000,2382,mr2132,2000,
2552,2102,112.78924,2000,2382,mr2132,2000,
2566,2116,112.80357,2000,2396,mr2146,2000,
2548,2098,112.73778,2000,2378,mr2128,2000,
2557,2107,112.71239,2000,2387,mr2137,2000,
2557,2107,112.687225,2000,2387,mr2137,2000,
2590,2140,112.807014,2000,2420,mr2170,2000,
2543,2093,112.72053,2000,2373,mr2123,2000,
2538,2088,112.613045,2000,2368,mr2118,2000,
2571,2121,112.64935,2000,2401,mr2151,2000,
2543,2093,112.56465,2000,2373,mr2123,2000,
2538,2088,112.45923,2000,2368,mr2118,2000,
2576,2126,112.5171,2000,2406,mr2156,2000,
2576,2126,112.57447,2000,2406,mr2156,2000,
2562,2112,112.57204,2000,2392,mr2142,2000,
2557,2107,112.54852,2000,2387,mr2137,2000,
2562,2112,112.54622,2000,2392,mr2142,2000,
2538,2088,112.44351,2000,2368,mr2118,2000,
2552,2102,112.4,2000,2382,mr2132,2000,
2538,2088,112.29875,2000,2368,mr2118,2000,
2548,2098,112.23967,2000,2378,mr2128,2000,
2571,2121,112.27572,2000,2401,mr2151,2000,
2543,2093,112.196724,2000,2373,mr2123,2000,
2585,2135,112.289795,2000,2415,mr2165,2000,
2533,2083,112.17073,2000,2363,mr2113,2000,
2562,2112,112.170044,2000,2392,mr2142,2000,
2557,2107,112.14919,2000,2387,mr2137,2000,
2590,2140,112.26105,2000,2420,mr2170,2000,
2552,2102,112.22,2000,2382,mr2132,2000,
2552,2102,112.17928,2000,2382,mr2132,2000,
2519,2069,112.007935,2000,2349,mr2099,2000,
2608,2158,112.18972,2000,2438,mr2188,2000,
2552,2102,112.149605,2000,2382,mr2132,2000,
2552,2102,112.1098,2000,2382,mr2132,2000,
2557,2107,112.08984,2000,2387,mr2137,2000,
2566,2116,112.10506,2000,2396,mr2146,2000,
2571,2121,112.139534,2000,2401,mr2151,2000,
2557,2107,112.11969,2000,2387,mr2137,2000,
2562,2112,112.11923,2000,2392,mr2142,2000,
2585,2135,112.206894,2000,2415,mr2165,2000,
2576,2126,112.259544,2000,2406,mr2156,2000,
2580,2130,112.326996,2000,2410,mr2160,2000,
2538,2088,112.23485,2000,2368,mr2118,2000,
2533,2083,112.12453,2000,2363,mr2113,2000,
2538,2088,112.03384,2000,2368,mr2118,2000,
2543,2093,111.96255,2000,2373,mr2123,2000,
2571,2121,111.99627,2000,2401,mr2151,2000,
2519,2069,111.83643,2000,2349,mr2099,2000,
2548,2098,111.78519,2000,2378,mr2128,2000,
2571,2121,111.81919,2000,2401,mr2151,2000,
2533,2083,111.713234,2000,2363,mr2113,2000,
2571,2121,111.74725,2000,2401,mr2151,2000,
2552,2102,111.71168,2000,2382,mr2132,2000,
2566,2116,111.72727,2000,2396,mr2146,2000,
2552,2102,111.69203,2000,2382,mr2132,2000,
2566,2116,111.70758,2000,2396,mr2146,2000,
2604,2154,111.85971,2000,2434,mr2184,2000,
2543,2093,111.792114,2000,2373,mr2123,2000,
2566,2116,111.807144,2000,2396,mr2146,2000,
2562,2112,111.80783,2000,2392,mr2142,2000,
2571,2121,111.84042,2000,2401,mr2151,2000,
2538,2088,111.75619,2000,2368,mr2118,2000,
2562,2112,111.75705,2000,2392,mr2142,2000,
