834,384,109.5,500,614,mr364,500,
825,375,110.90909,500,605,mr355,500,
834,384,111.333336,500,614,mr364,500,
853,403,110.23077,500,633,mr383,500,
825,375,111.28571,500,605,mr355,500,
871,421,109.13333,500,651,mr401,500,
839,389,109.25,500,619,mr369,500,
829,379,109.94118,500,609,mr359,500,
792,342,112.611115,500,572,mr322,500,
834,384,112.789474,500,614,mr364,500,
843,393,112.5,500,623,mr373,500,
848,398,112.0,500,628,mr378,500,
829,379,112.40909,500,609,mr359,500,
843,393,112.17391,500,623,mr373,500,
825,375,112.708336,500,605,mr355,500,
834,384,112.84,500,614,mr364,500,
834,384,112.96154,500,614,mr364,500,
834,384,113.07407,500,614,mr364,500,
867,417,112.0,500,647,mr397,500,
815,365,112.793106,500,595,mr345,500,
881,431,111.333336,500,661,mr411,500,
839,389,111.32258,500,619,mr369,500,
876,426,110.15625,500,656,mr406,500,
886,436,108.757576,500,666,mr416,500,
890,440,107.32353,500,670,mr420,500,
886,436,106.08572,500,666,mr416,500,
881,431,105.05556,500,661,mr411,500,
848,398,104.97298,500,628,mr378,500,
815,365,105.76316,500,595,mr345,500,
871,421,105.07692,500,651,mr401,500,
857,407,104.775,500,637,mr387,500,
829,379,105.17073,500,609,mr359,500,
843,393,105.21429,500,623,mr373,500,
848,398,105.139534,500,628,mr378,500,
820,370,105.704544,500,600,mr350,500,
843,393,105.73333,500,623,mr373,500,
839,389,105.847824,500,619,mr369,500,
871,421,105.276596,500,651,mr401,500,
857,407,105.020836,500,637,mr387,500,
871,421,104.4898,500,651,mr401,500,
848,398,104.44,500,628,mr378,500,
839,389,104.56863,500,619,mr369,500,
853,403,104.42308,500,633,mr383,500,
853,403,104.28302,500,633,mr383,500,
857,407,104.07407,500,637,mr387,500,
839,389,104.2,500,619,mr369,500,
843,393,104.25,500,623,mr373,500,
806,356,104.947365,500,586,mr336,500,
867,417,104.56896,500,647,mr397,500,
843,393,104.61017,500,623,mr373,500,
810,360,105.2,500,590,mr340,500,
825,375,105.52459,500,605,mr355,500,
829,379,105.77419,500,609,mr359,500,
867,417,105.4127,500,647,mr397,500,
848,398,105.359375,500,628,mr378,500,
843,393,105.38461,500,623,mr373,500,
815,365,105.833336,500,595,mr345,500,
862,412,105.56716,500,642,mr392,500,
871,421,105.17647,500,651,mr401,500,
853,403,105.05797,500,633,mr383,500,
848,398,105.01428,500,628,mr378,500,
867,417,104.541664,500,647,mr397,500,
825,375,104.821915,500,605,mr355,500,
806,356,105.35135,500,586,mr336,500,
871,421,105.0,500,651,mr401,500,
853,403,104.89474,500,633,mr383,500,
801,351,105.46753,500,581,mr331,500,
820,370,105.78205,500,600,mr350,500,
829,379,105.974686,500,609,mr359,500,
857,407,105.8125,500,637,mr387,500,
839,389,105.87654,500,619,mr369,500,
815,365,106.231705,500,595,mr345,500,
