1166,716,14.75,750,956,mr706,750,
1180,730,14.836065,750,970,mr720,750,
1185,735,14.83871,750,975,mr725,750,
1152,702,15.365079,750,942,mr692,750,
1185,735,15.359375,750,975,mr725,750,
1190,740,15.276923,750,980,mr730,750,
1143,693,15.909091,750,933,mr683,750,
1209,759,15.80597,750,999,mr749,750,
1194,744,15.661765,750,984,mr734,750,
1199,749,15.449275,750,989,mr739,750,
1180,730,15.514286,750,970,mr720,750,
1176,726,15.633802,750,966,mr716,750,
1162,712,15.944445,750,952,mr702,750,
1176,726,16.054794,750,966,mr716,750,
1180,730,16.108109,750,970,mr720,750,
1180,730,16.16,750,970,mr720,750,
1218,768,16.18421,750,1008,mr758,750,
1171,721,16.350649,750,961,mr711,750,
1185,735,16.333334,750,975,mr725,750,
1171,721,16.493671,750,961,mr711,750,
1180,730,16.5375,750,970,mr720,750,
1185,735,16.518518,750,975,mr725,750,
1185,735,16.5,750,975,mr725,750,
1157,707,16.819277,750,947,mr697,750,
1185,735,16.797619,750,975,mr725,750,
1162,712,17.047058,750,952,mr702,750,
1194,744,16.918604,750,984,mr734,750,
1176,726,16.999998,750,966,mr716,750,
1180,730,17.03409,750,970,mr720,750,
1166,716,17.224718,750,956,mr706,750,
1204,754,17.077776,750,994,mr744,750,
1180,730,17.109888,750,970,mr720,750,
1176,726,17.18478,750,966,mr716,750,
1194,744,17.064514,750,984,mr734,750,
1176,726,17.138296,750,966,mr716,750,
1176,726,17.210526,750,966,mr716,750,
1199,749,17.041666,750,989,mr739,750,
1171,721,17.164948,750,961,mr711,750,
1176,726,17.234694,750,966,mr716,750,
1190,740,17.161615,750,980,mr730,750,
1176,726,17.23,750,966,mr716,750,
1166,716,17.39604,750,956,mr706,750,
1213,763,17.352942,750,1003,mr753,750,
1180,730,17.378641,750,970,mr720,750,
1185,735,17.35577,750,975,mr725,750,
1190,740,17.285715,750,980,mr730,750,
1171,721,17.396227,750,961,mr711,750,
1176,726,17.457945,750,966,mr716,750,
1157,707,17.694445,750,947,mr697,750,
1171,721,17.798164,750,961,mr711,750,
1199,749,17.645452,750,989,mr739,750,
1194,744,17.540539,750,984,mr734,750,
1176,726,17.598211,750,966,mr716,750,
1190,740,17.53097,750,980,mr730,750,
1185,735,17.508768,750,975,mr725,750,
1185,735,17.486952,750,975,mr725,750,
1162,712,17.66379,750,952,mr702,750,
1176,726,17.717945,750,966,mr716,750,
1166,716,17.855928,750,956,mr706,750,
1162,712,18.025206,750,952,mr702,750,
1194,744,17.924995,750,984,mr734,750,
1180,730,17.942144,750,970,mr720,750,
1180,730,17.959013,750,970,mr720,750,
